region,date,epi_week,newCases,accumCases,newDeaths,accumDeaths,newRecovered,newFollowup,pop
Midwest,2023-01-01,1,0,4164493,0,65522,NA,NA,16297074
Midwest,2023-01-02,1,4914,4169407,11,65533,NA,NA,16297074
Midwest,2023-01-03,1,7786,4177193,38,65571,NA,NA,16297074
Midwest,2023-01-04,1,4562,4181755,23,65594,NA,NA,16297074
Midwest,2023-01-05,1,3963,4185718,10,65604,NA,NA,16297074
Midwest,2023-01-06,1,3100,4188818,15,65619,NA,NA,16297074
Midwest,2023-01-07,1,6004,4194822,5,65624,NA,NA,16297074
Midwest,2023-01-08,2,361,4195183,2,65626,NA,NA,16297074
Midwest,2023-01-09,2,1233,4196416,0,65626,NA,NA,16297074
Midwest,2023-01-10,2,6089,4202505,20,65646,NA,NA,16297074
Midwest,2023-01-11,2,5411,4207916,21,65667,NA,NA,16297074
Midwest,2023-01-12,2,2956,4210872,16,65683,NA,NA,16297074
Midwest,2023-01-13,2,3331,4214203,6,65689,NA,NA,16297074
Midwest,2023-01-14,2,0,4214203,0,65689,NA,NA,16297074
Midwest,2023-01-15,3,1850,4216053,1,65690,NA,NA,16297074
Midwest,2023-01-16,3,1843,4217896,9,65699,NA,NA,16297074
Midwest,2023-01-17,3,4043,4221939,31,65730,NA,NA,16297074
Midwest,2023-01-18,3,2892,4224831,10,65740,NA,NA,16297074
Midwest,2023-01-19,3,2131,4226962,6,65746,NA,NA,16297074
Midwest,2023-01-20,3,2865,4229827,13,65759,NA,NA,16297074
Midwest,2023-01-21,3,1303,4231130,5,65764,NA,NA,16297074
Midwest,2023-01-22,4,165,4231295,0,65764,NA,NA,16297074
Midwest,2023-01-23,4,1494,4232789,5,65769,NA,NA,16297074
Midwest,2023-01-24,4,3681,4236470,13,65782,NA,NA,16297074
Midwest,2023-01-25,4,2835,4239305,17,65799,NA,NA,16297074
Midwest,2023-01-26,4,1501,4240806,0,65799,NA,NA,16297074
Midwest,2023-01-27,4,2623,4243429,13,65812,NA,NA,16297074
Midwest,2023-01-28,4,657,4244086,2,65814,NA,NA,16297074
Midwest,2023-01-29,5,105,4244191,0,65814,NA,NA,16297074
Midwest,2023-01-30,5,856,4245047,2,65816,NA,NA,16297074
Midwest,2023-01-31,5,2636,4247683,21,65837,NA,NA,16297074
Midwest,2023-02-01,5,421,4248104,0,65837,NA,NA,16297074
Midwest,2023-02-02,5,2051,4250155,5,65842,NA,NA,16297074
Midwest,2023-02-03,5,1499,4251654,12,65854,NA,NA,16297074
Midwest,2023-02-04,5,417,4252071,10,65864,NA,NA,16297074
Midwest,2023-02-05,6,82,4252153,0,65864,NA,NA,16297074
Midwest,2023-02-06,6,983,4253136,4,65868,NA,NA,16297074
Midwest,2023-02-07,6,2866,4256002,21,65889,NA,NA,16297074
Midwest,2023-02-08,6,1162,4257164,3,65892,NA,NA,16297074
Midwest,2023-02-09,6,1456,4258620,0,65892,NA,NA,16297074
Midwest,2023-02-10,6,1332,4259952,8,65900,NA,NA,16297074
Midwest,2023-02-11,6,875,4260827,2,65902,NA,NA,16297074
Midwest,2023-02-12,7,0,4260827,0,65902,NA,NA,16297074
Midwest,2023-02-13,7,353,4261180,2,65904,NA,NA,16297074
Midwest,2023-02-14,7,1651,4262831,12,65916,NA,NA,16297074
Midwest,2023-02-15,7,2024,4264855,4,65920,NA,NA,16297074
Midwest,2023-02-16,7,1187,4266042,8,65928,NA,NA,16297074
Midwest,2023-02-17,7,4472,4270514,4,65932,NA,NA,16297074
Midwest,2023-02-18,7,432,4270946,2,65934,NA,NA,16297074
Midwest,2023-02-19,8,12,4270958,0,65934,NA,NA,16297074
Midwest,2023-02-20,8,0,4270958,0,65934,NA,NA,16297074
Midwest,2023-02-21,8,1069,4272027,8,65942,NA,NA,16297074
Midwest,2023-02-22,8,46,4272073,0,65942,NA,NA,16297074
Midwest,2023-02-23,8,2471,4274544,6,65948,NA,NA,16297074
Midwest,2023-02-24,8,1338,4275882,10,65958,NA,NA,16297074
Midwest,2023-02-25,8,1014,4276896,0,65958,NA,NA,16297074
Midwest,2023-02-26,9,129,4277025,0,65958,NA,NA,16297074
Midwest,2023-02-27,9,381,4277406,2,65960,NA,NA,16297074
Midwest,2023-02-28,9,1963,4279369,13,65973,NA,NA,16297074
Midwest,2023-03-01,9,597,4279966,0,65973,NA,NA,16297074
Midwest,2023-03-02,9,1292,4281258,2,65975,NA,NA,16297074
Midwest,2023-03-03,9,960,4282218,2,65977,NA,NA,16297074
Midwest,2023-03-04,9,3504,4285722,15,65992,NA,NA,16297074
Midwest,2023-03-05,10,0,4285722,0,65992,NA,NA,16297074
Midwest,2023-03-06,10,0,4285722,0,65992,NA,NA,16297074
Midwest,2023-03-07,10,0,4285722,0,65992,NA,NA,16297074
Midwest,2023-03-08,10,0,4285722,0,65992,NA,NA,16297074
Midwest,2023-03-09,10,0,4285722,0,65992,NA,NA,16297074
Midwest,2023-03-10,10,0,4285722,0,65992,NA,NA,16297074
Midwest,2023-03-11,10,3892,4289614,10,66002,NA,NA,16297074
Midwest,2023-03-12,11,0,4289614,0,66002,NA,NA,16297074
Midwest,2023-03-13,11,0,4289614,0,66002,NA,NA,16297074
Midwest,2023-03-14,11,0,4289614,0,66002,NA,NA,16297074
Midwest,2023-03-15,11,0,4289614,0,66002,NA,NA,16297074
Midwest,2023-03-16,11,0,4289614,0,66002,NA,NA,16297074
Midwest,2023-03-17,11,0,4289614,0,66002,NA,NA,16297074
Midwest,2023-03-18,11,4525,4294139,21,66023,NA,NA,16297074
Midwest,2023-03-19,12,0,4294139,0,66023,NA,NA,16297074
Midwest,2023-03-20,12,0,4294139,0,66023,NA,NA,16297074
Midwest,2023-03-21,12,0,4294139,0,66023,NA,NA,16297074
Midwest,2023-03-22,12,0,4294139,0,66023,NA,NA,16297074
Midwest,2023-03-23,12,0,4294139,0,66023,NA,NA,16297074
Midwest,2023-03-24,12,0,4294139,0,66023,NA,NA,16297074
Midwest,2023-03-25,12,5544,4299683,26,66049,NA,NA,16297074
Midwest,2023-03-26,13,0,4299683,0,66049,NA,NA,16297074
Midwest,2023-03-27,13,0,4299683,0,66049,NA,NA,16297074
Midwest,2023-03-28,13,0,4299683,0,66049,NA,NA,16297074
Midwest,2023-03-29,13,0,4299683,0,66049,NA,NA,16297074
Midwest,2023-03-30,13,0,4299683,0,66049,NA,NA,16297074
Midwest,2023-03-31,13,0,4299683,0,66049,NA,NA,16297074
Midwest,2023-04-01,13,5502,4305185,24,66073,NA,NA,16297074
Midwest,2023-04-02,14,0,4305185,0,66073,NA,NA,16297074
Midwest,2023-04-03,14,0,4305185,0,66073,NA,NA,16297074
Midwest,2023-04-04,14,0,4305185,0,66073,NA,NA,16297074
Midwest,2023-04-05,14,0,4305185,0,66073,NA,NA,16297074
Midwest,2023-04-06,14,0,4305185,0,66073,NA,NA,16297074
Midwest,2023-04-07,14,0,4305185,0,66073,NA,NA,16297074
Midwest,2023-04-08,14,5810,4310995,17,66090,NA,NA,16297074
Midwest,2023-04-09,15,0,4310995,0,66090,NA,NA,16297074
Midwest,2023-04-10,15,0,4310995,0,66090,NA,NA,16297074
Midwest,2023-04-11,15,0,4310995,0,66090,NA,NA,16297074
Midwest,2023-04-12,15,0,4310995,0,66090,NA,NA,16297074
Midwest,2023-04-13,15,0,4310995,0,66090,NA,NA,16297074
Midwest,2023-04-14,15,0,4310995,0,66090,NA,NA,16297074
Midwest,2023-04-15,15,5567,4316562,19,66109,NA,NA,16297074
Midwest,2023-04-16,16,0,4316562,0,66109,NA,NA,16297074
Midwest,2023-04-17,16,0,4316562,0,66109,NA,NA,16297074
Midwest,2023-04-18,16,0,4316562,0,66109,NA,NA,16297074
Midwest,2023-04-19,16,0,4316562,0,66109,NA,NA,16297074
Midwest,2023-04-20,16,0,4316562,0,66109,NA,NA,16297074
Midwest,2023-04-21,16,0,4316562,0,66109,NA,NA,16297074
Midwest,2023-04-22,16,3682,4320244,25,66134,NA,NA,16297074
Midwest,2023-04-23,17,0,4320244,0,66134,NA,NA,16297074
Midwest,2023-04-24,17,0,4320244,0,66134,NA,NA,16297074
Midwest,2023-04-25,17,0,4320244,0,66134,NA,NA,16297074
Midwest,2023-04-26,17,0,4320244,0,66134,NA,NA,16297074
Midwest,2023-04-27,17,0,4320244,0,66134,NA,NA,16297074
Midwest,2023-04-28,17,0,4320244,0,66134,NA,NA,16297074
Midwest,2023-04-29,17,4688,4324932,20,66154,NA,NA,16297074
Midwest,2023-04-30,18,0,4324932,0,66154,NA,NA,16297074
Midwest,2023-05-01,18,0,4324932,0,66154,NA,NA,16297074
Midwest,2023-05-02,18,0,4324932,0,66154,NA,NA,16297074
Midwest,2023-05-03,18,0,4324932,0,66154,NA,NA,16297074
Midwest,2023-05-04,18,0,4324932,0,66154,NA,NA,16297074
Midwest,2023-05-05,18,0,4324932,0,66154,NA,NA,16297074
Midwest,2023-05-06,18,1344,4326276,7,66161,NA,NA,16297074
Midwest,2023-05-07,19,0,4326276,0,66161,NA,NA,16297074
Midwest,2023-05-08,19,0,4326276,0,66161,NA,NA,16297074
Midwest,2023-05-09,19,0,4326276,0,66161,NA,NA,16297074
Midwest,2023-05-10,19,0,4326276,0,66161,NA,NA,16297074
Midwest,2023-05-11,19,0,4326276,0,66161,NA,NA,16297074
Midwest,2023-05-12,19,0,4326276,0,66161,NA,NA,16297074
Midwest,2023-05-13,19,7499,4333775,34,66195,NA,NA,16297074
Midwest,2023-05-14,20,0,4333775,0,66195,NA,NA,16297074
Midwest,2023-05-15,20,0,4333775,0,66195,NA,NA,16297074
Midwest,2023-05-16,20,0,4333775,0,66195,NA,NA,16297074
Midwest,2023-05-17,20,0,4333775,0,66195,NA,NA,16297074
Midwest,2023-05-18,20,0,4333775,0,66195,NA,NA,16297074
Midwest,2023-05-19,20,0,4333775,0,66195,NA,NA,16297074
Midwest,2023-05-20,20,2431,4336206,7,66202,NA,NA,16297074
Midwest,2023-05-21,21,0,4336206,0,66202,NA,NA,16297074
Midwest,2023-05-22,21,0,4336206,0,66202,NA,NA,16297074
Midwest,2023-05-23,21,0,4336206,0,66202,NA,NA,16297074
Midwest,2023-05-24,21,0,4336206,0,66202,NA,NA,16297074
Midwest,2023-05-25,21,0,4336206,0,66202,NA,NA,16297074
Midwest,2023-05-26,21,0,4336206,0,66202,NA,NA,16297074
Midwest,2023-05-27,21,1944,4338150,23,66225,NA,NA,16297074
Midwest,2023-05-28,22,0,4338150,0,66225,NA,NA,16297074
Midwest,2023-05-29,22,0,4338150,0,66225,NA,NA,16297074
Midwest,2023-05-30,22,0,4338150,0,66225,NA,NA,16297074
Midwest,2023-05-31,22,0,4338150,0,66225,NA,NA,16297074
Midwest,2023-06-01,22,0,4338150,0,66225,NA,NA,16297074
Midwest,2023-06-02,22,0,4338150,0,66225,NA,NA,16297074
Midwest,2023-06-03,22,5247,4343397,26,66251,NA,NA,16297074
Midwest,2023-06-04,23,0,4343397,0,66251,NA,NA,16297074
Midwest,2023-06-05,23,0,4343397,0,66251,NA,NA,16297074
Midwest,2023-06-06,23,0,4343397,0,66251,NA,NA,16297074
Midwest,2023-06-07,23,0,4343397,0,66251,NA,NA,16297074
Midwest,2023-06-08,23,0,4343397,0,66251,NA,NA,16297074
Midwest,2023-06-09,23,0,4343397,0,66251,NA,NA,16297074
Midwest,2023-06-10,23,1544,4344941,18,66269,NA,NA,16297074
Midwest,2023-06-11,24,0,4344941,0,66269,NA,NA,16297074
Midwest,2023-06-12,24,0,4344941,0,66269,NA,NA,16297074
Midwest,2023-06-13,24,0,4344941,0,66269,NA,NA,16297074
Midwest,2023-06-14,24,0,4344941,0,66269,NA,NA,16297074
Midwest,2023-06-15,24,0,4344941,0,66269,NA,NA,16297074
Midwest,2023-06-16,24,0,4344941,0,66269,NA,NA,16297074
Midwest,2023-06-17,24,2789,4347730,30,66299,NA,NA,16297074
Midwest,2023-06-18,25,0,4347730,0,66299,NA,NA,16297074
Midwest,2023-06-19,25,0,4347730,0,66299,NA,NA,16297074
Midwest,2023-06-20,25,0,4347730,0,66299,NA,NA,16297074
Midwest,2023-06-21,25,0,4347730,0,66299,NA,NA,16297074
Midwest,2023-06-22,25,0,4347730,0,66299,NA,NA,16297074
Midwest,2023-06-23,25,0,4347730,0,66299,NA,NA,16297074
Midwest,2023-06-24,25,3469,4351199,15,66314,NA,NA,16297074
Midwest,2023-06-25,26,0,4351199,0,66314,NA,NA,16297074
Midwest,2023-06-26,26,0,4351199,0,66314,NA,NA,16297074
Midwest,2023-06-27,26,0,4351199,0,66314,NA,NA,16297074
Midwest,2023-06-28,26,0,4351199,0,66314,NA,NA,16297074
Midwest,2023-06-29,26,0,4351199,0,66314,NA,NA,16297074
Midwest,2023-06-30,26,0,4351199,0,66314,NA,NA,16297074
North,2023-01-01,1,0,2839575,0,51363,NA,NA,18430980
North,2023-01-02,1,2249,2841824,10,51373,NA,NA,18430980
North,2023-01-03,1,770,2842594,11,51384,NA,NA,18430980
North,2023-01-04,1,1277,2843871,3,51387,NA,NA,18430980
North,2023-01-05,1,1037,2844908,7,51394,NA,NA,18430980
North,2023-01-06,1,1175,2846083,13,51407,NA,NA,18430980
North,2023-01-07,1,526,2846609,5,51412,NA,NA,18430980
North,2023-01-08,2,257,2846866,3,51415,NA,NA,18430980
North,2023-01-09,2,1900,2848766,7,51422,NA,NA,18430980
North,2023-01-10,2,875,2849641,2,51424,NA,NA,18430980
North,2023-01-11,2,935,2850576,2,51426,NA,NA,18430980
North,2023-01-12,2,981,2851557,3,51429,NA,NA,18430980
North,2023-01-13,2,590,2852147,-2,51427,NA,NA,18430980
North,2023-01-14,2,305,2852452,0,51427,NA,NA,18430980
North,2023-01-15,3,70,2852522,1,51428,NA,NA,18430980
North,2023-01-16,3,1280,2853802,6,51434,NA,NA,18430980
North,2023-01-17,3,884,2854686,2,51436,NA,NA,18430980
North,2023-01-18,3,917,2855603,5,51441,NA,NA,18430980
North,2023-01-19,3,679,2856282,1,51442,NA,NA,18430980
North,2023-01-20,3,515,2856797,1,51443,NA,NA,18430980
North,2023-01-21,3,307,2857104,3,51446,NA,NA,18430980
North,2023-01-22,4,34,2857138,0,51446,NA,NA,18430980
North,2023-01-23,4,979,2858117,6,51452,NA,NA,18430980
North,2023-01-24,4,447,2858564,0,51452,NA,NA,18430980
North,2023-01-25,4,1010,2859574,2,51454,NA,NA,18430980
North,2023-01-26,4,456,2860030,6,51460,NA,NA,18430980
North,2023-01-27,4,548,2860578,0,51460,NA,NA,18430980
North,2023-01-28,4,289,2860867,1,51461,NA,NA,18430980
North,2023-01-29,5,58,2860925,0,51461,NA,NA,18430980
North,2023-01-30,5,1465,2862390,4,51465,NA,NA,18430980
North,2023-01-31,5,548,2862938,1,51466,NA,NA,18430980
North,2023-02-01,5,483,2863421,3,51469,NA,NA,18430980
North,2023-02-02,5,434,2863855,1,51470,NA,NA,18430980
North,2023-02-03,5,530,2864385,0,51470,NA,NA,18430980
North,2023-02-04,5,353,2864738,0,51470,NA,NA,18430980
North,2023-02-05,6,79,2864817,0,51470,NA,NA,18430980
North,2023-02-06,6,357,2865174,3,51473,NA,NA,18430980
North,2023-02-07,6,586,2865760,3,51476,NA,NA,18430980
North,2023-02-08,6,502,2866262,0,51476,NA,NA,18430980
North,2023-02-09,6,479,2866741,1,51477,NA,NA,18430980
North,2023-02-10,6,508,2867249,1,51478,NA,NA,18430980
North,2023-02-11,6,363,2867612,0,51478,NA,NA,18430980
North,2023-02-12,7,109,2867721,0,51478,NA,NA,18430980
North,2023-02-13,7,656,2868377,0,51478,NA,NA,18430980
North,2023-02-14,7,839,2869216,0,51478,NA,NA,18430980
North,2023-02-15,7,530,2869746,1,51479,NA,NA,18430980
North,2023-02-16,7,719,2870465,2,51481,NA,NA,18430980
North,2023-02-17,7,1004,2871469,3,51484,NA,NA,18430980
North,2023-02-18,7,563,2872032,0,51484,NA,NA,18430980
North,2023-02-19,8,248,2872280,0,51484,NA,NA,18430980
North,2023-02-20,8,273,2872553,2,51486,NA,NA,18430980
North,2023-02-21,8,222,2872775,1,51487,NA,NA,18430980
North,2023-02-22,8,295,2873070,0,51487,NA,NA,18430980
North,2023-02-23,8,1041,2874111,1,51488,NA,NA,18430980
North,2023-02-24,8,1281,2875392,5,51493,NA,NA,18430980
North,2023-02-25,8,845,2876237,2,51495,NA,NA,18430980
North,2023-02-26,9,184,2876421,1,51496,NA,NA,18430980
North,2023-02-27,9,526,2876947,3,51499,NA,NA,18430980
North,2023-02-28,9,1057,2878004,5,51504,NA,NA,18430980
North,2023-03-01,9,794,2878798,4,51508,NA,NA,18430980
North,2023-03-02,9,871,2879669,5,51513,NA,NA,18430980
North,2023-03-03,9,953,2880622,5,51518,NA,NA,18430980
North,2023-03-04,9,500,2881122,4,51522,NA,NA,18430980
North,2023-03-05,10,0,2881122,0,51522,NA,NA,18430980
North,2023-03-06,10,0,2881122,0,51522,NA,NA,18430980
North,2023-03-07,10,0,2881122,0,51522,NA,NA,18430980
North,2023-03-08,10,0,2881122,0,51522,NA,NA,18430980
North,2023-03-09,10,0,2881122,0,51522,NA,NA,18430980
North,2023-03-10,10,0,2881122,0,51522,NA,NA,18430980
North,2023-03-11,10,4247,2885369,19,51541,NA,NA,18430980
North,2023-03-12,11,0,2885369,0,51541,NA,NA,18430980
North,2023-03-13,11,0,2885369,0,51541,NA,NA,18430980
North,2023-03-14,11,0,2885369,0,51541,NA,NA,18430980
North,2023-03-15,11,0,2885369,0,51541,NA,NA,18430980
North,2023-03-16,11,0,2885369,0,51541,NA,NA,18430980
North,2023-03-17,11,0,2885369,0,51541,NA,NA,18430980
North,2023-03-18,11,2631,2888000,-8,51533,NA,NA,18430980
North,2023-03-19,12,0,2888000,0,51533,NA,NA,18430980
North,2023-03-20,12,0,2888000,0,51533,NA,NA,18430980
North,2023-03-21,12,0,2888000,0,51533,NA,NA,18430980
North,2023-03-22,12,0,2888000,0,51533,NA,NA,18430980
North,2023-03-23,12,0,2888000,0,51533,NA,NA,18430980
North,2023-03-24,12,0,2888000,0,51533,NA,NA,18430980
North,2023-03-25,12,3136,2891136,37,51570,NA,NA,18430980
North,2023-03-26,13,0,2891136,0,51570,NA,NA,18430980
North,2023-03-27,13,0,2891136,0,51570,NA,NA,18430980
North,2023-03-28,13,0,2891136,0,51570,NA,NA,18430980
North,2023-03-29,13,0,2891136,0,51570,NA,NA,18430980
North,2023-03-30,13,0,2891136,0,51570,NA,NA,18430980
North,2023-03-31,13,0,2891136,0,51570,NA,NA,18430980
North,2023-04-01,13,2314,2893450,24,51594,NA,NA,18430980
North,2023-04-02,14,0,2893450,0,51594,NA,NA,18430980
North,2023-04-03,14,0,2893450,0,51594,NA,NA,18430980
North,2023-04-04,14,0,2893450,0,51594,NA,NA,18430980
North,2023-04-05,14,0,2893450,0,51594,NA,NA,18430980
North,2023-04-06,14,0,2893450,0,51594,NA,NA,18430980
North,2023-04-07,14,0,2893450,0,51594,NA,NA,18430980
North,2023-04-08,14,1396,2894846,15,51609,NA,NA,18430980
North,2023-04-09,15,0,2894846,0,51609,NA,NA,18430980
North,2023-04-10,15,0,2894846,0,51609,NA,NA,18430980
North,2023-04-11,15,0,2894846,0,51609,NA,NA,18430980
North,2023-04-12,15,0,2894846,0,51609,NA,NA,18430980
North,2023-04-13,15,0,2894846,0,51609,NA,NA,18430980
North,2023-04-14,15,0,2894846,0,51609,NA,NA,18430980
North,2023-04-15,15,2023,2896869,10,51619,NA,NA,18430980
North,2023-04-16,16,0,2896869,0,51619,NA,NA,18430980
North,2023-04-17,16,0,2896869,0,51619,NA,NA,18430980
North,2023-04-18,16,0,2896869,0,51619,NA,NA,18430980
North,2023-04-19,16,0,2896869,0,51619,NA,NA,18430980
North,2023-04-20,16,0,2896869,0,51619,NA,NA,18430980
North,2023-04-21,16,0,2896869,0,51619,NA,NA,18430980
North,2023-04-22,16,2039,2898908,15,51634,NA,NA,18430980
North,2023-04-23,17,0,2898908,0,51634,NA,NA,18430980
North,2023-04-24,17,0,2898908,0,51634,NA,NA,18430980
North,2023-04-25,17,0,2898908,0,51634,NA,NA,18430980
North,2023-04-26,17,0,2898908,0,51634,NA,NA,18430980
North,2023-04-27,17,0,2898908,0,51634,NA,NA,18430980
North,2023-04-28,17,0,2898908,0,51634,NA,NA,18430980
North,2023-04-29,17,6323,2905231,23,51657,NA,NA,18430980
North,2023-04-30,18,0,2905231,0,51657,NA,NA,18430980
North,2023-05-01,18,0,2905231,0,51657,NA,NA,18430980
North,2023-05-02,18,0,2905231,0,51657,NA,NA,18430980
North,2023-05-03,18,0,2905231,0,51657,NA,NA,18430980
North,2023-05-04,18,0,2905231,0,51657,NA,NA,18430980
North,2023-05-05,18,0,2905231,0,51657,NA,NA,18430980
North,2023-05-06,18,-3365,2901866,22,51679,NA,NA,18430980
North,2023-05-07,19,0,2901866,0,51679,NA,NA,18430980
North,2023-05-08,19,0,2901866,0,51679,NA,NA,18430980
North,2023-05-09,19,0,2901866,0,51679,NA,NA,18430980
North,2023-05-10,19,0,2901866,0,51679,NA,NA,18430980
North,2023-05-11,19,0,2901866,0,51679,NA,NA,18430980
North,2023-05-12,19,0,2901866,0,51679,NA,NA,18430980
North,2023-05-13,19,1741,2903607,4,51683,NA,NA,18430980
North,2023-05-14,20,0,2903607,0,51683,NA,NA,18430980
North,2023-05-15,20,0,2903607,0,51683,NA,NA,18430980
North,2023-05-16,20,0,2903607,0,51683,NA,NA,18430980
North,2023-05-17,20,0,2903607,0,51683,NA,NA,18430980
North,2023-05-18,20,0,2903607,0,51683,NA,NA,18430980
North,2023-05-19,20,0,2903607,0,51683,NA,NA,18430980
North,2023-05-20,20,2119,2905726,15,51698,NA,NA,18430980
North,2023-05-21,21,0,2905726,0,51698,NA,NA,18430980
North,2023-05-22,21,0,2905726,0,51698,NA,NA,18430980
North,2023-05-23,21,0,2905726,0,51698,NA,NA,18430980
North,2023-05-24,21,0,2905726,0,51698,NA,NA,18430980
North,2023-05-25,21,0,2905726,0,51698,NA,NA,18430980
North,2023-05-26,21,0,2905726,0,51698,NA,NA,18430980
North,2023-05-27,21,1992,2907718,6,51704,NA,NA,18430980
North,2023-05-28,22,0,2907718,0,51704,NA,NA,18430980
North,2023-05-29,22,0,2907718,0,51704,NA,NA,18430980
North,2023-05-30,22,0,2907718,0,51704,NA,NA,18430980
North,2023-05-31,22,0,2907718,0,51704,NA,NA,18430980
North,2023-06-01,22,0,2907718,0,51704,NA,NA,18430980
North,2023-06-02,22,0,2907718,0,51704,NA,NA,18430980
North,2023-06-03,22,2638,2910356,10,51714,NA,NA,18430980
North,2023-06-04,23,0,2910356,0,51714,NA,NA,18430980
North,2023-06-05,23,0,2910356,0,51714,NA,NA,18430980
North,2023-06-06,23,0,2910356,0,51714,NA,NA,18430980
North,2023-06-07,23,0,2910356,0,51714,NA,NA,18430980
North,2023-06-08,23,0,2910356,0,51714,NA,NA,18430980
North,2023-06-09,23,0,2910356,0,51714,NA,NA,18430980
North,2023-06-10,23,548,2910904,-89,51625,NA,NA,18430980
North,2023-06-11,24,0,2910904,0,51625,NA,NA,18430980
North,2023-06-12,24,0,2910904,0,51625,NA,NA,18430980
North,2023-06-13,24,0,2910904,0,51625,NA,NA,18430980
North,2023-06-14,24,0,2910904,0,51625,NA,NA,18430980
North,2023-06-15,24,0,2910904,0,51625,NA,NA,18430980
North,2023-06-16,24,0,2910904,0,51625,NA,NA,18430980
North,2023-06-17,24,1422,2912326,105,51730,NA,NA,18430980
North,2023-06-18,25,0,2912326,0,51730,NA,NA,18430980
North,2023-06-19,25,0,2912326,0,51730,NA,NA,18430980
North,2023-06-20,25,0,2912326,0,51730,NA,NA,18430980
North,2023-06-21,25,0,2912326,0,51730,NA,NA,18430980
North,2023-06-22,25,0,2912326,0,51730,NA,NA,18430980
North,2023-06-23,25,0,2912326,0,51730,NA,NA,18430980
North,2023-06-24,25,1171,2913497,10,51740,NA,NA,18430980
North,2023-06-25,26,0,2913497,0,51740,NA,NA,18430980
North,2023-06-26,26,0,2913497,0,51740,NA,NA,18430980
North,2023-06-27,26,0,2913497,0,51740,NA,NA,18430980
North,2023-06-28,26,0,2913497,0,51740,NA,NA,18430980
North,2023-06-29,26,0,2913497,0,51740,NA,NA,18430980
North,2023-06-30,26,0,2913497,0,51740,NA,NA,18430980
Northeast,2023-01-01,1,0,7206999,0,133829,NA,NA,57071654
Northeast,2023-01-02,1,3266,7210265,22,133851,NA,NA,57071654
Northeast,2023-01-03,1,4389,7214654,39,133890,NA,NA,57071654
Northeast,2023-01-04,1,4649,7219303,18,133908,NA,NA,57071654
Northeast,2023-01-05,1,4055,7223358,23,133931,NA,NA,57071654
Northeast,2023-01-06,1,4014,7227372,23,133954,NA,NA,57071654
Northeast,2023-01-07,1,1717,7229089,6,133960,NA,NA,57071654
Northeast,2023-01-08,2,370,7229459,2,133962,NA,NA,57071654
Northeast,2023-01-09,2,2318,7231777,12,133974,NA,NA,57071654
Northeast,2023-01-10,2,2004,7233781,17,133991,NA,NA,57071654
Northeast,2023-01-11,2,5726,7239507,21,134012,NA,NA,57071654
Northeast,2023-01-12,2,1871,7241378,21,134033,NA,NA,57071654
Northeast,2023-01-13,2,5294,7246672,6,134039,NA,NA,57071654
Northeast,2023-01-14,2,1462,7248134,7,134046,NA,NA,57071654
Northeast,2023-01-15,3,491,7248625,2,134048,NA,NA,57071654
Northeast,2023-01-16,3,1872,7250497,21,134069,NA,NA,57071654
Northeast,2023-01-17,3,2361,7252858,13,134082,NA,NA,57071654
Northeast,2023-01-18,3,4681,7257539,18,134100,NA,NA,57071654
Northeast,2023-01-19,3,2483,7260022,17,134117,NA,NA,57071654
Northeast,2023-01-20,3,2474,7262496,5,134122,NA,NA,57071654
Northeast,2023-01-21,3,563,7263059,1,134123,NA,NA,57071654
Northeast,2023-01-22,4,54,7263113,3,134126,NA,NA,57071654
Northeast,2023-01-23,4,2114,7265227,14,134140,NA,NA,57071654
Northeast,2023-01-24,4,3649,7268876,19,134159,NA,NA,57071654
Northeast,2023-01-25,4,3848,7272724,15,134174,NA,NA,57071654
Northeast,2023-01-26,4,2257,7274981,15,134189,NA,NA,57071654
Northeast,2023-01-27,4,3299,7278280,8,134197,NA,NA,57071654
Northeast,2023-01-28,4,358,7278638,4,134201,NA,NA,57071654
Northeast,2023-01-29,5,91,7278729,0,134201,NA,NA,57071654
Northeast,2023-01-30,5,1613,7280342,17,134218,NA,NA,57071654
Northeast,2023-01-31,5,1544,7281886,10,134228,NA,NA,57071654
Northeast,2023-02-01,5,2976,7284862,13,134241,NA,NA,57071654
Northeast,2023-02-02,5,1257,7286119,7,134248,NA,NA,57071654
Northeast,2023-02-03,5,1152,7287271,1,134249,NA,NA,57071654
Northeast,2023-02-04,5,179,7287450,0,134249,NA,NA,57071654
Northeast,2023-02-05,6,102,7287552,1,134250,NA,NA,57071654
Northeast,2023-02-06,6,1081,7288633,11,134261,NA,NA,57071654
Northeast,2023-02-07,6,1203,7289836,25,134286,NA,NA,57071654
Northeast,2023-02-08,6,2408,7292244,6,134292,NA,NA,57071654
Northeast,2023-02-09,6,1228,7293472,4,134296,NA,NA,57071654
Northeast,2023-02-10,6,1270,7294742,15,134311,NA,NA,57071654
Northeast,2023-02-11,6,83,7294825,1,134312,NA,NA,57071654
Northeast,2023-02-12,7,19,7294844,0,134312,NA,NA,57071654
Northeast,2023-02-13,7,999,7295843,8,134320,NA,NA,57071654
Northeast,2023-02-14,7,994,7296837,3,134323,NA,NA,57071654
Northeast,2023-02-15,7,2458,7299295,10,134333,NA,NA,57071654
Northeast,2023-02-16,7,1378,7300673,11,134344,NA,NA,57071654
Northeast,2023-02-17,7,983,7301656,0,134344,NA,NA,57071654
Northeast,2023-02-18,7,58,7301714,0,134344,NA,NA,57071654
Northeast,2023-02-19,8,79,7301793,0,134344,NA,NA,57071654
Northeast,2023-02-20,8,43,7301836,0,134344,NA,NA,57071654
Northeast,2023-02-21,8,6,7301842,0,134344,NA,NA,57071654
Northeast,2023-02-22,8,391,7302233,287,134631,NA,NA,57071654
Northeast,2023-02-23,8,1808,7304041,11,134642,NA,NA,57071654
Northeast,2023-02-24,8,1006,7305047,4,134646,NA,NA,57071654
Northeast,2023-02-25,8,39,7305086,0,134646,NA,NA,57071654
Northeast,2023-02-26,9,27,7305113,0,134646,NA,NA,57071654
Northeast,2023-02-27,9,1776,7306889,4,134650,NA,NA,57071654
Northeast,2023-02-28,9,1005,7307894,5,134655,NA,NA,57071654
Northeast,2023-03-01,9,1767,7309661,45,134700,NA,NA,57071654
Northeast,2023-03-02,9,1412,7311073,8,134708,NA,NA,57071654
Northeast,2023-03-03,9,855,7311928,2,134710,NA,NA,57071654
Northeast,2023-03-04,9,554,7312482,1,134711,NA,NA,57071654
Northeast,2023-03-05,10,0,7312482,0,134711,NA,NA,57071654
Northeast,2023-03-06,10,0,7312482,0,134711,NA,NA,57071654
Northeast,2023-03-07,10,0,7312482,0,134711,NA,NA,57071654
Northeast,2023-03-08,10,0,7312482,0,134711,NA,NA,57071654
Northeast,2023-03-09,10,0,7312482,0,134711,NA,NA,57071654
Northeast,2023-03-10,10,0,7312482,0,134711,NA,NA,57071654
Northeast,2023-03-11,10,8212,7320694,29,134740,NA,NA,57071654
Northeast,2023-03-12,11,0,7320694,0,134740,NA,NA,57071654
Northeast,2023-03-13,11,0,7320694,0,134740,NA,NA,57071654
Northeast,2023-03-14,11,0,7320694,0,134740,NA,NA,57071654
Northeast,2023-03-15,11,0,7320694,0,134740,NA,NA,57071654
Northeast,2023-03-16,11,0,7320694,0,134740,NA,NA,57071654
Northeast,2023-03-17,11,0,7320694,0,134740,NA,NA,57071654
Northeast,2023-03-18,11,5938,7326632,26,134766,NA,NA,57071654
Northeast,2023-03-19,12,0,7326632,0,134766,NA,NA,57071654
Northeast,2023-03-20,12,0,7326632,0,134766,NA,NA,57071654
Northeast,2023-03-21,12,0,7326632,0,134766,NA,NA,57071654
Northeast,2023-03-22,12,0,7326632,0,134766,NA,NA,57071654
Northeast,2023-03-23,12,0,7326632,0,134766,NA,NA,57071654
Northeast,2023-03-24,12,0,7326632,0,134766,NA,NA,57071654
Northeast,2023-03-25,12,4935,7331567,39,134805,NA,NA,57071654
Northeast,2023-03-26,13,0,7331567,0,134805,NA,NA,57071654
Northeast,2023-03-27,13,0,7331567,0,134805,NA,NA,57071654
Northeast,2023-03-28,13,0,7331567,0,134805,NA,NA,57071654
Northeast,2023-03-29,13,0,7331567,0,134805,NA,NA,57071654
Northeast,2023-03-30,13,0,7331567,0,134805,NA,NA,57071654
Northeast,2023-03-31,13,0,7331567,0,134805,NA,NA,57071654
Northeast,2023-04-01,13,4782,7336349,41,134846,NA,NA,57071654
Northeast,2023-04-02,14,0,7336349,0,134846,NA,NA,57071654
Northeast,2023-04-03,14,0,7336349,0,134846,NA,NA,57071654
Northeast,2023-04-04,14,0,7336349,0,134846,NA,NA,57071654
Northeast,2023-04-05,14,0,7336349,0,134846,NA,NA,57071654
Northeast,2023-04-06,14,0,7336349,0,134846,NA,NA,57071654
Northeast,2023-04-07,14,0,7336349,0,134846,NA,NA,57071654
Northeast,2023-04-08,14,4661,7341010,23,134869,NA,NA,57071654
Northeast,2023-04-09,15,0,7341010,0,134869,NA,NA,57071654
Northeast,2023-04-10,15,0,7341010,0,134869,NA,NA,57071654
Northeast,2023-04-11,15,0,7341010,0,134869,NA,NA,57071654
Northeast,2023-04-12,15,0,7341010,0,134869,NA,NA,57071654
Northeast,2023-04-13,15,0,7341010,0,134869,NA,NA,57071654
Northeast,2023-04-14,15,0,7341010,0,134869,NA,NA,57071654
Northeast,2023-04-15,15,5811,7346821,36,134905,NA,NA,57071654
Northeast,2023-04-16,16,0,7346821,0,134905,NA,NA,57071654
Northeast,2023-04-17,16,0,7346821,0,134905,NA,NA,57071654
Northeast,2023-04-18,16,0,7346821,0,134905,NA,NA,57071654
Northeast,2023-04-19,16,0,7346821,0,134905,NA,NA,57071654
Northeast,2023-04-20,16,0,7346821,0,134905,NA,NA,57071654
Northeast,2023-04-21,16,0,7346821,0,134905,NA,NA,57071654
Northeast,2023-04-22,16,6196,7353017,40,134945,NA,NA,57071654
Northeast,2023-04-23,17,0,7353017,0,134945,NA,NA,57071654
Northeast,2023-04-24,17,0,7353017,0,134945,NA,NA,57071654
Northeast,2023-04-25,17,0,7353017,0,134945,NA,NA,57071654
Northeast,2023-04-26,17,0,7353017,0,134945,NA,NA,57071654
Northeast,2023-04-27,17,0,7353017,0,134945,NA,NA,57071654
Northeast,2023-04-28,17,0,7353017,0,134945,NA,NA,57071654
Northeast,2023-04-29,17,6468,7359485,101,135046,NA,NA,57071654
Northeast,2023-04-30,18,0,7359485,0,135046,NA,NA,57071654
Northeast,2023-05-01,18,0,7359485,0,135046,NA,NA,57071654
Northeast,2023-05-02,18,0,7359485,0,135046,NA,NA,57071654
Northeast,2023-05-03,18,0,7359485,0,135046,NA,NA,57071654
Northeast,2023-05-04,18,0,7359485,0,135046,NA,NA,57071654
Northeast,2023-05-05,18,0,7359485,0,135046,NA,NA,57071654
Northeast,2023-05-06,18,3178,7362663,38,135084,NA,NA,57071654
Northeast,2023-05-07,19,0,7362663,0,135084,NA,NA,57071654
Northeast,2023-05-08,19,0,7362663,0,135084,NA,NA,57071654
Northeast,2023-05-09,19,0,7362663,0,135084,NA,NA,57071654
Northeast,2023-05-10,19,0,7362663,0,135084,NA,NA,57071654
Northeast,2023-05-11,19,0,7362663,0,135084,NA,NA,57071654
Northeast,2023-05-12,19,0,7362663,0,135084,NA,NA,57071654
Northeast,2023-05-13,19,7028,7369691,69,135153,NA,NA,57071654
Northeast,2023-05-14,20,0,7369691,0,135153,NA,NA,57071654
Northeast,2023-05-15,20,0,7369691,0,135153,NA,NA,57071654
Northeast,2023-05-16,20,0,7369691,0,135153,NA,NA,57071654
Northeast,2023-05-17,20,0,7369691,0,135153,NA,NA,57071654
Northeast,2023-05-18,20,0,7369691,0,135153,NA,NA,57071654
Northeast,2023-05-19,20,0,7369691,0,135153,NA,NA,57071654
Northeast,2023-05-20,20,5317,7375008,66,135219,NA,NA,57071654
Northeast,2023-05-21,21,0,7375008,0,135219,NA,NA,57071654
Northeast,2023-05-22,21,0,7375008,0,135219,NA,NA,57071654
Northeast,2023-05-23,21,0,7375008,0,135219,NA,NA,57071654
Northeast,2023-05-24,21,0,7375008,0,135219,NA,NA,57071654
Northeast,2023-05-25,21,0,7375008,0,135219,NA,NA,57071654
Northeast,2023-05-26,21,0,7375008,0,135219,NA,NA,57071654
Northeast,2023-05-27,21,5632,7380640,50,135269,NA,NA,57071654
Northeast,2023-05-28,22,0,7380640,0,135269,NA,NA,57071654
Northeast,2023-05-29,22,0,7380640,0,135269,NA,NA,57071654
Northeast,2023-05-30,22,0,7380640,0,135269,NA,NA,57071654
Northeast,2023-05-31,22,0,7380640,0,135269,NA,NA,57071654
Northeast,2023-06-01,22,0,7380640,0,135269,NA,NA,57071654
Northeast,2023-06-02,22,0,7380640,0,135269,NA,NA,57071654
Northeast,2023-06-03,22,5592,7386232,188,135457,NA,NA,57071654
Northeast,2023-06-04,23,0,7386232,0,135457,NA,NA,57071654
Northeast,2023-06-05,23,0,7386232,0,135457,NA,NA,57071654
Northeast,2023-06-06,23,0,7386232,0,135457,NA,NA,57071654
Northeast,2023-06-07,23,0,7386232,0,135457,NA,NA,57071654
Northeast,2023-06-08,23,0,7386232,0,135457,NA,NA,57071654
Northeast,2023-06-09,23,0,7386232,0,135457,NA,NA,57071654
Northeast,2023-06-10,23,3200,7389432,41,135498,NA,NA,57071654
Northeast,2023-06-11,24,0,7389432,0,135498,NA,NA,57071654
Northeast,2023-06-12,24,0,7389432,0,135498,NA,NA,57071654
Northeast,2023-06-13,24,0,7389432,0,135498,NA,NA,57071654
Northeast,2023-06-14,24,0,7389432,0,135498,NA,NA,57071654
Northeast,2023-06-15,24,0,7389432,0,135498,NA,NA,57071654
Northeast,2023-06-16,24,0,7389432,0,135498,NA,NA,57071654
Northeast,2023-06-17,24,2712,7392144,38,135536,NA,NA,57071654
Northeast,2023-06-18,25,0,7392144,0,135536,NA,NA,57071654
Northeast,2023-06-19,25,0,7392144,0,135536,NA,NA,57071654
Northeast,2023-06-20,25,0,7392144,0,135536,NA,NA,57071654
Northeast,2023-06-21,25,0,7392144,0,135536,NA,NA,57071654
Northeast,2023-06-22,25,0,7392144,0,135536,NA,NA,57071654
Northeast,2023-06-23,25,0,7392144,0,135536,NA,NA,57071654
Northeast,2023-06-24,25,3172,7395316,33,135569,NA,NA,57071654
Northeast,2023-06-25,26,0,7395316,0,135569,NA,NA,57071654
Northeast,2023-06-26,26,0,7395316,0,135569,NA,NA,57071654
Northeast,2023-06-27,26,0,7395316,0,135569,NA,NA,57071654
Northeast,2023-06-28,26,0,7395316,0,135569,NA,NA,57071654
Northeast,2023-06-29,26,0,7395316,0,135569,NA,NA,57071654
Northeast,2023-06-30,26,0,7395316,0,135569,NA,NA,57071654
South,2023-01-01,1,0,7712937,0,109809,NA,NA,29975984
South,2023-01-02,1,9276,7722213,17,109826,NA,NA,29975984
South,2023-01-03,1,7208,7729421,47,109873,NA,NA,29975984
South,2023-01-04,1,7580,7737001,49,109922,NA,NA,29975984
South,2023-01-05,1,6993,7743994,44,109966,NA,NA,29975984
South,2023-01-06,1,6809,7750803,38,110004,NA,NA,29975984
South,2023-01-07,1,2718,7753521,11,110015,NA,NA,29975984
South,2023-01-08,2,571,7754092,2,110017,NA,NA,29975984
South,2023-01-09,2,4654,7758746,13,110030,NA,NA,29975984
South,2023-01-10,2,19782,7778528,18,110048,NA,NA,29975984
South,2023-01-11,2,4960,7783488,27,110075,NA,NA,29975984
South,2023-01-12,2,4841,7788329,32,110107,NA,NA,29975984
South,2023-01-13,2,5628,7793957,28,110135,NA,NA,29975984
South,2023-01-14,2,2326,7796283,17,110152,NA,NA,29975984
South,2023-01-15,3,974,7797257,1,110153,NA,NA,29975984
South,2023-01-16,3,3445,7800702,9,110162,NA,NA,29975984
South,2023-01-17,3,4229,7804931,38,110200,NA,NA,29975984
South,2023-01-18,3,2538,7807469,17,110217,NA,NA,29975984
South,2023-01-19,3,4925,7812394,9,110226,NA,NA,29975984
South,2023-01-20,3,2910,7815304,24,110250,NA,NA,29975984
South,2023-01-21,3,2342,7817646,56,110306,NA,NA,29975984
South,2023-01-22,4,287,7817933,0,110306,NA,NA,29975984
South,2023-01-23,4,2057,7819990,12,110318,NA,NA,29975984
South,2023-01-24,4,2511,7822501,8,110326,NA,NA,29975984
South,2023-01-25,4,2497,7824998,12,110338,NA,NA,29975984
South,2023-01-26,4,2232,7827230,8,110346,NA,NA,29975984
South,2023-01-27,4,1928,7829158,10,110356,NA,NA,29975984
South,2023-01-28,4,1019,7830177,6,110362,NA,NA,29975984
South,2023-01-29,5,193,7830370,1,110363,NA,NA,29975984
South,2023-01-30,5,1268,7831638,10,110373,NA,NA,29975984
South,2023-01-31,5,2196,7833834,66,110439,NA,NA,29975984
South,2023-02-01,5,1892,7835726,23,110462,NA,NA,29975984
South,2023-02-02,5,915,7836641,-9,110453,NA,NA,29975984
South,2023-02-03,5,1948,7838589,14,110467,NA,NA,29975984
South,2023-02-04,5,443,7839032,3,110470,NA,NA,29975984
South,2023-02-05,6,464,7839496,0,110470,NA,NA,29975984
South,2023-02-06,6,878,7840374,6,110476,NA,NA,29975984
South,2023-02-07,6,1809,7842183,23,110499,NA,NA,29975984
South,2023-02-08,6,994,7843177,12,110511,NA,NA,29975984
South,2023-02-09,6,1463,7844640,4,110515,NA,NA,29975984
South,2023-02-10,6,1008,7845648,1,110516,NA,NA,29975984
South,2023-02-11,6,844,7846492,9,110525,NA,NA,29975984
South,2023-02-12,7,177,7846669,0,110525,NA,NA,29975984
South,2023-02-13,7,1329,7847998,13,110538,NA,NA,29975984
South,2023-02-14,7,1103,7849101,8,110546,NA,NA,29975984
South,2023-02-15,7,1260,7850361,5,110551,NA,NA,29975984
South,2023-02-16,7,1121,7851482,-1,110550,NA,NA,29975984
South,2023-02-17,7,1123,7852605,4,110554,NA,NA,29975984
South,2023-02-18,7,638,7853243,7,110561,NA,NA,29975984
South,2023-02-19,8,145,7853388,0,110561,NA,NA,29975984
South,2023-02-20,8,101,7853489,0,110561,NA,NA,29975984
South,2023-02-21,8,262,7853751,2,110563,NA,NA,29975984
South,2023-02-22,8,1009,7854760,7,110570,NA,NA,29975984
South,2023-02-23,8,1284,7856044,3,110573,NA,NA,29975984
South,2023-02-24,8,1832,7857876,22,110595,NA,NA,29975984
South,2023-02-25,8,844,7858720,16,110611,NA,NA,29975984
South,2023-02-26,9,602,7859322,0,110611,NA,NA,29975984
South,2023-02-27,9,823,7860145,2,110613,NA,NA,29975984
South,2023-02-28,9,1676,7861821,13,110626,NA,NA,29975984
South,2023-03-01,9,1594,7863415,5,110631,NA,NA,29975984
South,2023-03-02,9,1513,7864928,7,110638,NA,NA,29975984
South,2023-03-03,9,1175,7866103,2,110640,NA,NA,29975984
South,2023-03-04,9,2935,7869038,6,110646,NA,NA,29975984
South,2023-03-05,10,0,7869038,0,110646,NA,NA,29975984
South,2023-03-06,10,0,7869038,0,110646,NA,NA,29975984
South,2023-03-07,10,0,7869038,0,110646,NA,NA,29975984
South,2023-03-08,10,0,7869038,0,110646,NA,NA,29975984
South,2023-03-09,10,0,7869038,0,110646,NA,NA,29975984
South,2023-03-10,10,0,7869038,0,110646,NA,NA,29975984
South,2023-03-11,10,10042,7879080,26,110672,NA,NA,29975984
South,2023-03-12,11,0,7879080,0,110672,NA,NA,29975984
South,2023-03-13,11,0,7879080,0,110672,NA,NA,29975984
South,2023-03-14,11,0,7879080,0,110672,NA,NA,29975984
South,2023-03-15,11,0,7879080,0,110672,NA,NA,29975984
South,2023-03-16,11,0,7879080,0,110672,NA,NA,29975984
South,2023-03-17,11,0,7879080,0,110672,NA,NA,29975984
South,2023-03-18,11,19645,7898725,32,110704,NA,NA,29975984
South,2023-03-19,12,0,7898725,0,110704,NA,NA,29975984
South,2023-03-20,12,0,7898725,0,110704,NA,NA,29975984
South,2023-03-21,12,0,7898725,0,110704,NA,NA,29975984
South,2023-03-22,12,0,7898725,0,110704,NA,NA,29975984
South,2023-03-23,12,0,7898725,0,110704,NA,NA,29975984
South,2023-03-24,12,0,7898725,0,110704,NA,NA,29975984
South,2023-03-25,12,14795,7913520,64,110768,NA,NA,29975984
South,2023-03-26,13,0,7913520,0,110768,NA,NA,29975984
South,2023-03-27,13,0,7913520,0,110768,NA,NA,29975984
South,2023-03-28,13,0,7913520,0,110768,NA,NA,29975984
South,2023-03-29,13,0,7913520,0,110768,NA,NA,29975984
South,2023-03-30,13,0,7913520,0,110768,NA,NA,29975984
South,2023-03-31,13,0,7913520,0,110768,NA,NA,29975984
South,2023-04-01,13,14861,7928381,32,110800,NA,NA,29975984
South,2023-04-02,14,0,7928381,0,110800,NA,NA,29975984
South,2023-04-03,14,0,7928381,0,110800,NA,NA,29975984
South,2023-04-04,14,0,7928381,0,110800,NA,NA,29975984
South,2023-04-05,14,0,7928381,0,110800,NA,NA,29975984
South,2023-04-06,14,0,7928381,0,110800,NA,NA,29975984
South,2023-04-07,14,0,7928381,0,110800,NA,NA,29975984
South,2023-04-08,14,15278,7943659,86,110886,NA,NA,29975984
South,2023-04-09,15,0,7943659,0,110886,NA,NA,29975984
South,2023-04-10,15,0,7943659,0,110886,NA,NA,29975984
South,2023-04-11,15,0,7943659,0,110886,NA,NA,29975984
South,2023-04-12,15,0,7943659,0,110886,NA,NA,29975984
South,2023-04-13,15,0,7943659,0,110886,NA,NA,29975984
South,2023-04-14,15,0,7943659,0,110886,NA,NA,29975984
South,2023-04-15,15,15314,7958973,101,110987,NA,NA,29975984
South,2023-04-16,16,0,7958973,0,110987,NA,NA,29975984
South,2023-04-17,16,0,7958973,0,110987,NA,NA,29975984
South,2023-04-18,16,0,7958973,0,110987,NA,NA,29975984
South,2023-04-19,16,0,7958973,0,110987,NA,NA,29975984
South,2023-04-20,16,0,7958973,0,110987,NA,NA,29975984
South,2023-04-21,16,0,7958973,0,110987,NA,NA,29975984
South,2023-04-22,16,11496,7970469,102,111089,NA,NA,29975984
South,2023-04-23,17,0,7970469,0,111089,NA,NA,29975984
South,2023-04-24,17,0,7970469,0,111089,NA,NA,29975984
South,2023-04-25,17,0,7970469,0,111089,NA,NA,29975984
South,2023-04-26,17,0,7970469,0,111089,NA,NA,29975984
South,2023-04-27,17,0,7970469,0,111089,NA,NA,29975984
South,2023-04-28,17,0,7970469,0,111089,NA,NA,29975984
South,2023-04-29,17,9792,7980261,119,111208,NA,NA,29975984
South,2023-04-30,18,0,7980261,0,111208,NA,NA,29975984
South,2023-05-01,18,0,7980261,0,111208,NA,NA,29975984
South,2023-05-02,18,0,7980261,0,111208,NA,NA,29975984
South,2023-05-03,18,0,7980261,0,111208,NA,NA,29975984
South,2023-05-04,18,0,7980261,0,111208,NA,NA,29975984
South,2023-05-05,18,0,7980261,0,111208,NA,NA,29975984
South,2023-05-06,18,6917,7987178,58,111266,NA,NA,29975984
South,2023-05-07,19,0,7987178,0,111266,NA,NA,29975984
South,2023-05-08,19,0,7987178,0,111266,NA,NA,29975984
South,2023-05-09,19,0,7987178,0,111266,NA,NA,29975984
South,2023-05-10,19,0,7987178,0,111266,NA,NA,29975984
South,2023-05-11,19,0,7987178,0,111266,NA,NA,29975984
South,2023-05-12,19,0,7987178,0,111266,NA,NA,29975984
South,2023-05-13,19,7763,7994941,52,111318,NA,NA,29975984
South,2023-05-14,20,0,7994941,0,111318,NA,NA,29975984
South,2023-05-15,20,0,7994941,0,111318,NA,NA,29975984
South,2023-05-16,20,0,7994941,0,111318,NA,NA,29975984
South,2023-05-17,20,0,7994941,0,111318,NA,NA,29975984
South,2023-05-18,20,0,7994941,0,111318,NA,NA,29975984
South,2023-05-19,20,0,7994941,0,111318,NA,NA,29975984
South,2023-05-20,20,6039,8000980,37,111355,NA,NA,29975984
South,2023-05-21,21,0,8000980,0,111355,NA,NA,29975984
South,2023-05-22,21,0,8000980,0,111355,NA,NA,29975984
South,2023-05-23,21,0,8000980,0,111355,NA,NA,29975984
South,2023-05-24,21,0,8000980,0,111355,NA,NA,29975984
South,2023-05-25,21,0,8000980,0,111355,NA,NA,29975984
South,2023-05-26,21,0,8000980,0,111355,NA,NA,29975984
South,2023-05-27,21,5203,8006183,49,111404,NA,NA,29975984
South,2023-05-28,22,0,8006183,0,111404,NA,NA,29975984
South,2023-05-29,22,0,8006183,0,111404,NA,NA,29975984
South,2023-05-30,22,0,8006183,0,111404,NA,NA,29975984
South,2023-05-31,22,0,8006183,0,111404,NA,NA,29975984
South,2023-06-01,22,0,8006183,0,111404,NA,NA,29975984
South,2023-06-02,22,0,8006183,0,111404,NA,NA,29975984
South,2023-06-03,22,4347,8010530,61,111465,NA,NA,29975984
South,2023-06-04,23,0,8010530,0,111465,NA,NA,29975984
South,2023-06-05,23,0,8010530,0,111465,NA,NA,29975984
South,2023-06-06,23,0,8010530,0,111465,NA,NA,29975984
South,2023-06-07,23,0,8010530,0,111465,NA,NA,29975984
South,2023-06-08,23,0,8010530,0,111465,NA,NA,29975984
South,2023-06-09,23,0,8010530,0,111465,NA,NA,29975984
South,2023-06-10,23,2869,8013399,49,111514,NA,NA,29975984
South,2023-06-11,24,0,8013399,0,111514,NA,NA,29975984
South,2023-06-12,24,0,8013399,0,111514,NA,NA,29975984
South,2023-06-13,24,0,8013399,0,111514,NA,NA,29975984
South,2023-06-14,24,0,8013399,0,111514,NA,NA,29975984
South,2023-06-15,24,0,8013399,0,111514,NA,NA,29975984
South,2023-06-16,24,0,8013399,0,111514,NA,NA,29975984
South,2023-06-17,24,3260,8016659,43,111557,NA,NA,29975984
South,2023-06-18,25,0,8016659,0,111557,NA,NA,29975984
South,2023-06-19,25,0,8016659,0,111557,NA,NA,29975984
South,2023-06-20,25,0,8016659,0,111557,NA,NA,29975984
South,2023-06-21,25,0,8016659,0,111557,NA,NA,29975984
South,2023-06-22,25,0,8016659,0,111557,NA,NA,29975984
South,2023-06-23,25,0,8016659,0,111557,NA,NA,29975984
South,2023-06-24,25,2978,8019637,38,111595,NA,NA,29975984
South,2023-06-25,26,0,8019637,0,111595,NA,NA,29975984
South,2023-06-26,26,0,8019637,0,111595,NA,NA,29975984
South,2023-06-27,26,0,8019637,0,111595,NA,NA,29975984
South,2023-06-28,26,0,8019637,0,111595,NA,NA,29975984
South,2023-06-29,26,0,8019637,0,111595,NA,NA,29975984
South,2023-06-30,26,0,8019637,0,111595,NA,NA,29975984
Southeast,2023-01-01,1,0,14407277,0,333330,NA,NA,88371433
Southeast,2023-01-02,1,11380,14418657,68,333398,NA,NA,88371433
Southeast,2023-01-03,1,7904,14426561,76,333474,NA,NA,88371433
Southeast,2023-01-04,1,14647,14441208,126,333600,NA,NA,88371433
Southeast,2023-01-05,1,11626,14452834,74,333674,NA,NA,88371433
Southeast,2023-01-06,1,11304,14464138,121,333795,NA,NA,88371433
Southeast,2023-01-07,1,207,14464345,0,333795,NA,NA,88371433
Southeast,2023-01-08,2,105,14464450,2,333797,NA,NA,88371433
Southeast,2023-01-09,2,11131,14475581,68,333865,NA,NA,88371433
Southeast,2023-01-10,2,12396,14487977,11,333876,NA,NA,88371433
Southeast,2023-01-11,2,9401,14497378,32,333908,NA,NA,88371433
Southeast,2023-01-12,2,8421,14505799,76,333984,NA,NA,88371433
Southeast,2023-01-13,2,7593,14513392,40,334024,NA,NA,88371433
Southeast,2023-01-14,2,250,14513642,0,334024,NA,NA,88371433
Southeast,2023-01-15,3,0,14513642,0,334024,NA,NA,88371433
Southeast,2023-01-16,3,4248,14517890,22,334046,NA,NA,88371433
Southeast,2023-01-17,3,12743,14530633,30,334076,NA,NA,88371433
Southeast,2023-01-18,3,1769,14532402,41,334117,NA,NA,88371433
Southeast,2023-01-19,3,10813,14543215,439,334556,NA,NA,88371433
Southeast,2023-01-20,3,5212,14548427,58,334614,NA,NA,88371433
Southeast,2023-01-21,3,135,14548562,1,334615,NA,NA,88371433
Southeast,2023-01-22,4,12,14548574,0,334615,NA,NA,88371433
Southeast,2023-01-23,4,6216,14554790,30,334645,NA,NA,88371433
Southeast,2023-01-24,4,10209,14564999,121,334766,NA,NA,88371433
Southeast,2023-01-25,4,7077,14572076,72,334838,NA,NA,88371433
Southeast,2023-01-26,4,5004,14577080,64,334902,NA,NA,88371433
Southeast,2023-01-27,4,2742,14579822,15,334917,NA,NA,88371433
Southeast,2023-01-28,4,188,14580010,2,334919,NA,NA,88371433
Southeast,2023-01-29,5,36,14580046,1,334920,NA,NA,88371433
Southeast,2023-01-30,5,8351,14588397,100,335020,NA,NA,88371433
Southeast,2023-01-31,5,9842,14598239,84,335104,NA,NA,88371433
Southeast,2023-02-01,5,7591,14605830,87,335191,NA,NA,88371433
Southeast,2023-02-02,5,15316,14621146,44,335235,NA,NA,88371433
Southeast,2023-02-03,5,3613,14624759,70,335305,NA,NA,88371433
Southeast,2023-02-04,5,169,14624928,2,335307,NA,NA,88371433
Southeast,2023-02-05,6,0,14624928,0,335307,NA,NA,88371433
Southeast,2023-02-06,6,6529,14631457,54,335361,NA,NA,88371433
Southeast,2023-02-07,6,2753,14634210,22,335383,NA,NA,88371433
Southeast,2023-02-08,6,14833,14649043,29,335412,NA,NA,88371433
Southeast,2023-02-09,6,5107,14654150,28,335440,NA,NA,88371433
Southeast,2023-02-10,6,8598,14662748,17,335457,NA,NA,88371433
Southeast,2023-02-11,6,28,14662776,0,335457,NA,NA,88371433
Southeast,2023-02-12,7,-7,14662769,0,335457,NA,NA,88371433
Southeast,2023-02-13,7,17325,14680094,65,335522,NA,NA,88371433
Southeast,2023-02-14,7,-8761,14671333,63,335585,NA,NA,88371433
Southeast,2023-02-15,7,5298,14676631,26,335611,NA,NA,88371433
Southeast,2023-02-16,7,5220,14681851,100,335711,NA,NA,88371433
Southeast,2023-02-17,7,9587,14691438,22,335733,NA,NA,88371433
Southeast,2023-02-18,7,0,14691438,0,335733,NA,NA,88371433
Southeast,2023-02-19,8,0,14691438,0,335733,NA,NA,88371433
Southeast,2023-02-20,8,0,14691438,0,335733,NA,NA,88371433
Southeast,2023-02-21,8,321,14691759,0,335733,NA,NA,88371433
Southeast,2023-02-22,8,3433,14695192,18,335751,NA,NA,88371433
Southeast,2023-02-23,8,5012,14700204,432,336183,NA,NA,88371433
Southeast,2023-02-24,8,6130,14706334,53,336236,NA,NA,88371433
Southeast,2023-02-25,8,192,14706526,0,336236,NA,NA,88371433
Southeast,2023-02-26,9,10,14706536,0,336236,NA,NA,88371433
Southeast,2023-02-27,9,10307,14716843,48,336284,NA,NA,88371433
Southeast,2023-02-28,9,9005,14725848,45,336329,NA,NA,88371433
Southeast,2023-03-01,9,5776,14731624,56,336385,NA,NA,88371433
Southeast,2023-03-02,9,-1761,14729863,24,336409,NA,NA,88371433
Southeast,2023-03-03,9,5319,14735182,22,336431,NA,NA,88371433
Southeast,2023-03-04,9,1974,14737156,8,336439,NA,NA,88371433
Southeast,2023-03-05,10,0,14737156,0,336439,NA,NA,88371433
Southeast,2023-03-06,10,0,14737156,0,336439,NA,NA,88371433
Southeast,2023-03-07,10,0,14737156,0,336439,NA,NA,88371433
Southeast,2023-03-08,10,0,14737156,0,336439,NA,NA,88371433
Southeast,2023-03-09,10,0,14737156,0,336439,NA,NA,88371433
Southeast,2023-03-10,10,0,14737156,0,336439,NA,NA,88371433
Southeast,2023-03-11,10,33601,14770757,240,336679,NA,NA,88371433
Southeast,2023-03-12,11,0,14770757,0,336679,NA,NA,88371433
Southeast,2023-03-13,11,0,14770757,0,336679,NA,NA,88371433
Southeast,2023-03-14,11,0,14770757,0,336679,NA,NA,88371433
Southeast,2023-03-15,11,0,14770757,0,336679,NA,NA,88371433
Southeast,2023-03-16,11,0,14770757,0,336679,NA,NA,88371433
Southeast,2023-03-17,11,0,14770757,0,336679,NA,NA,88371433
Southeast,2023-03-18,11,26424,14797181,212,336891,NA,NA,88371433
Southeast,2023-03-19,12,0,14797181,0,336891,NA,NA,88371433
Southeast,2023-03-20,12,0,14797181,0,336891,NA,NA,88371433
Southeast,2023-03-21,12,0,14797181,0,336891,NA,NA,88371433
Southeast,2023-03-22,12,0,14797181,0,336891,NA,NA,88371433
Southeast,2023-03-23,12,0,14797181,0,336891,NA,NA,88371433
Southeast,2023-03-24,12,0,14797181,0,336891,NA,NA,88371433
Southeast,2023-03-25,12,25576,14822757,156,337047,NA,NA,88371433
Southeast,2023-03-26,13,0,14822757,0,337047,NA,NA,88371433
Southeast,2023-03-27,13,0,14822757,0,337047,NA,NA,88371433
Southeast,2023-03-28,13,0,14822757,0,337047,NA,NA,88371433
Southeast,2023-03-29,13,0,14822757,0,337047,NA,NA,88371433
Southeast,2023-03-30,13,0,14822757,0,337047,NA,NA,88371433
Southeast,2023-03-31,13,0,14822757,0,337047,NA,NA,88371433
Southeast,2023-04-01,13,33132,14855889,196,337243,NA,NA,88371433
Southeast,2023-04-02,14,0,14855889,0,337243,NA,NA,88371433
Southeast,2023-04-03,14,0,14855889,0,337243,NA,NA,88371433
Southeast,2023-04-04,14,0,14855889,0,337243,NA,NA,88371433
Southeast,2023-04-05,14,0,14855889,0,337243,NA,NA,88371433
Southeast,2023-04-06,14,0,14855889,0,337243,NA,NA,88371433
Southeast,2023-04-07,14,0,14855889,0,337243,NA,NA,88371433
Southeast,2023-04-08,14,11693,14867582,114,337357,NA,NA,88371433
Southeast,2023-04-09,15,0,14867582,0,337357,NA,NA,88371433
Southeast,2023-04-10,15,0,14867582,0,337357,NA,NA,88371433
Southeast,2023-04-11,15,0,14867582,0,337357,NA,NA,88371433
Southeast,2023-04-12,15,0,14867582,0,337357,NA,NA,88371433
Southeast,2023-04-13,15,0,14867582,0,337357,NA,NA,88371433
Southeast,2023-04-14,15,0,14867582,0,337357,NA,NA,88371433
Southeast,2023-04-15,15,20425,14888007,238,337595,NA,NA,88371433
Southeast,2023-04-16,16,0,14888007,0,337595,NA,NA,88371433
Southeast,2023-04-17,16,0,14888007,0,337595,NA,NA,88371433
Southeast,2023-04-18,16,0,14888007,0,337595,NA,NA,88371433
Southeast,2023-04-19,16,0,14888007,0,337595,NA,NA,88371433
Southeast,2023-04-20,16,0,14888007,0,337595,NA,NA,88371433
Southeast,2023-04-21,16,0,14888007,0,337595,NA,NA,88371433
Southeast,2023-04-22,16,18773,14906780,97,337692,NA,NA,88371433
Southeast,2023-04-23,17,0,14906780,0,337692,NA,NA,88371433
Southeast,2023-04-24,17,0,14906780,0,337692,NA,NA,88371433
Southeast,2023-04-25,17,0,14906780,0,337692,NA,NA,88371433
Southeast,2023-04-26,17,0,14906780,0,337692,NA,NA,88371433
Southeast,2023-04-27,17,0,14906780,0,337692,NA,NA,88371433
Southeast,2023-04-28,17,0,14906780,0,337692,NA,NA,88371433
Southeast,2023-04-29,17,11282,14918062,76,337768,NA,NA,88371433
Southeast,2023-04-30,18,0,14918062,0,337768,NA,NA,88371433
Southeast,2023-05-01,18,0,14918062,0,337768,NA,NA,88371433
Southeast,2023-05-02,18,0,14918062,0,337768,NA,NA,88371433
Southeast,2023-05-03,18,0,14918062,0,337768,NA,NA,88371433
Southeast,2023-05-04,18,0,14918062,0,337768,NA,NA,88371433
Southeast,2023-05-05,18,0,14918062,0,337768,NA,NA,88371433
Southeast,2023-05-06,18,15876,14933938,158,337926,NA,NA,88371433
Southeast,2023-05-07,19,0,14933938,0,337926,NA,NA,88371433
Southeast,2023-05-08,19,0,14933938,0,337926,NA,NA,88371433
Southeast,2023-05-09,19,0,14933938,0,337926,NA,NA,88371433
Southeast,2023-05-10,19,0,14933938,0,337926,NA,NA,88371433
Southeast,2023-05-11,19,0,14933938,0,337926,NA,NA,88371433
Southeast,2023-05-12,19,0,14933938,0,337926,NA,NA,88371433
Southeast,2023-05-13,19,17385,14951323,146,338072,NA,NA,88371433
Southeast,2023-05-14,20,0,14951323,0,338072,NA,NA,88371433
Southeast,2023-05-15,20,0,14951323,0,338072,NA,NA,88371433
Southeast,2023-05-16,20,0,14951323,0,338072,NA,NA,88371433
Southeast,2023-05-17,20,0,14951323,0,338072,NA,NA,88371433
Southeast,2023-05-18,20,0,14951323,0,338072,NA,NA,88371433
Southeast,2023-05-19,20,0,14951323,0,338072,NA,NA,88371433
Southeast,2023-05-20,20,9785,14961108,118,338190,NA,NA,88371433
Southeast,2023-05-21,21,0,14961108,0,338190,NA,NA,88371433
Southeast,2023-05-22,21,0,14961108,0,338190,NA,NA,88371433
Southeast,2023-05-23,21,0,14961108,0,338190,NA,NA,88371433
Southeast,2023-05-24,21,0,14961108,0,338190,NA,NA,88371433
Southeast,2023-05-25,21,0,14961108,0,338190,NA,NA,88371433
Southeast,2023-05-26,21,0,14961108,0,338190,NA,NA,88371433
Southeast,2023-05-27,21,7458,14968566,115,338305,NA,NA,88371433
Southeast,2023-05-28,22,0,14968566,0,338305,NA,NA,88371433
Southeast,2023-05-29,22,0,14968566,0,338305,NA,NA,88371433
Southeast,2023-05-30,22,0,14968566,0,338305,NA,NA,88371433
Southeast,2023-05-31,22,0,14968566,0,338305,NA,NA,88371433
Southeast,2023-06-01,22,0,14968566,0,338305,NA,NA,88371433
Southeast,2023-06-02,22,0,14968566,0,338305,NA,NA,88371433
Southeast,2023-06-03,22,6835,14975401,99,338404,NA,NA,88371433
Southeast,2023-06-04,23,0,14975401,0,338404,NA,NA,88371433
Southeast,2023-06-05,23,0,14975401,0,338404,NA,NA,88371433
Southeast,2023-06-06,23,0,14975401,0,338404,NA,NA,88371433
Southeast,2023-06-07,23,0,14975401,0,338404,NA,NA,88371433
Southeast,2023-06-08,23,0,14975401,0,338404,NA,NA,88371433
Southeast,2023-06-09,23,0,14975401,0,338404,NA,NA,88371433
Southeast,2023-06-10,23,5247,14980648,89,338493,NA,NA,88371433
Southeast,2023-06-11,24,0,14980648,0,338493,NA,NA,88371433
Southeast,2023-06-12,24,0,14980648,0,338493,NA,NA,88371433
Southeast,2023-06-13,24,0,14980648,0,338493,NA,NA,88371433
Southeast,2023-06-14,24,0,14980648,0,338493,NA,NA,88371433
Southeast,2023-06-15,24,0,14980648,0,338493,NA,NA,88371433
Southeast,2023-06-16,24,0,14980648,0,338493,NA,NA,88371433
Southeast,2023-06-17,24,6543,14987191,104,338597,NA,NA,88371433
Southeast,2023-06-18,25,0,14987191,0,338597,NA,NA,88371433
Southeast,2023-06-19,25,0,14987191,0,338597,NA,NA,88371433
Southeast,2023-06-20,25,0,14987191,0,338597,NA,NA,88371433
Southeast,2023-06-21,25,0,14987191,0,338597,NA,NA,88371433
Southeast,2023-06-22,25,0,14987191,0,338597,NA,NA,88371433
Southeast,2023-06-23,25,0,14987191,0,338597,NA,NA,88371433
Southeast,2023-06-24,25,4580,14991771,149,338746,NA,NA,88371433
Southeast,2023-06-25,26,0,14991771,0,338746,NA,NA,88371433
Southeast,2023-06-26,26,0,14991771,0,338746,NA,NA,88371433
Southeast,2023-06-27,26,0,14991771,0,338746,NA,NA,88371433
Southeast,2023-06-28,26,0,14991771,0,338746,NA,NA,88371433
Southeast,2023-06-29,26,0,14991771,0,338746,NA,NA,88371433
Southeast,2023-06-30,26,0,14991771,0,338746,NA,NA,88371433
Midwest,2023-07-01,26,472,4351671,5,66319,NA,NA,16297074
Midwest,2023-07-02,27,0,4351671,0,66319,NA,NA,16297074
Midwest,2023-07-03,27,0,4351671,0,66319,NA,NA,16297074
Midwest,2023-07-04,27,0,4351671,0,66319,NA,NA,16297074
Midwest,2023-07-05,27,0,4351671,0,66319,NA,NA,16297074
Midwest,2023-07-06,27,0,4351671,0,66319,NA,NA,16297074
Midwest,2023-07-07,27,0,4351671,0,66319,NA,NA,16297074
Midwest,2023-07-08,27,1380,4353051,5,66324,NA,NA,16297074
Midwest,2023-07-09,28,0,4353051,0,66324,NA,NA,16297074
Midwest,2023-07-10,28,0,4353051,0,66324,NA,NA,16297074
Midwest,2023-07-11,28,0,4353051,0,66324,NA,NA,16297074
Midwest,2023-07-12,28,0,4353051,0,66324,NA,NA,16297074
Midwest,2023-07-13,28,0,4353051,0,66324,NA,NA,16297074
Midwest,2023-07-14,28,0,4353051,0,66324,NA,NA,16297074
Midwest,2023-07-15,28,1192,4354243,35,66359,NA,NA,16297074
Midwest,2023-07-16,29,0,4354243,0,66359,NA,NA,16297074
Midwest,2023-07-17,29,0,4354243,0,66359,NA,NA,16297074
Midwest,2023-07-18,29,0,4354243,0,66359,NA,NA,16297074
Midwest,2023-07-19,29,0,4354243,0,66359,NA,NA,16297074
Midwest,2023-07-20,29,0,4354243,0,66359,NA,NA,16297074
Midwest,2023-07-21,29,0,4354243,0,66359,NA,NA,16297074
Midwest,2023-07-22,29,3069,4357312,13,66372,NA,NA,16297074
Midwest,2023-07-23,30,0,4357312,0,66372,NA,NA,16297074
Midwest,2023-07-24,30,0,4357312,0,66372,NA,NA,16297074
Midwest,2023-07-25,30,0,4357312,0,66372,NA,NA,16297074
Midwest,2023-07-26,30,0,4357312,0,66372,NA,NA,16297074
Midwest,2023-07-27,30,0,4357312,0,66372,NA,NA,16297074
Midwest,2023-07-28,30,0,4357312,0,66372,NA,NA,16297074
Midwest,2023-07-29,30,4130,4361442,21,66393,NA,NA,16297074
Midwest,2023-07-30,31,0,4361442,0,66393,NA,NA,16297074
Midwest,2023-07-31,31,0,4361442,0,66393,NA,NA,16297074
Midwest,2023-08-01,31,0,4361442,0,66393,NA,NA,16297074
Midwest,2023-08-02,31,0,4361442,0,66393,NA,NA,16297074
Midwest,2023-08-03,31,0,4361442,0,66393,NA,NA,16297074
Midwest,2023-08-04,31,0,4361442,0,66393,NA,NA,16297074
Midwest,2023-08-05,31,1187,4362629,13,66406,NA,NA,16297074
Midwest,2023-08-06,32,0,4362629,0,66406,NA,NA,16297074
Midwest,2023-08-07,32,0,4362629,0,66406,NA,NA,16297074
Midwest,2023-08-08,32,0,4362629,0,66406,NA,NA,16297074
Midwest,2023-08-09,32,0,4362629,0,66406,NA,NA,16297074
Midwest,2023-08-10,32,0,4362629,0,66406,NA,NA,16297074
Midwest,2023-08-11,32,0,4362629,0,66406,NA,NA,16297074
Midwest,2023-08-12,32,941,4363570,21,66427,NA,NA,16297074
Midwest,2023-08-13,33,0,4363570,0,66427,NA,NA,16297074
Midwest,2023-08-14,33,0,4363570,0,66427,NA,NA,16297074
Midwest,2023-08-15,33,0,4363570,0,66427,NA,NA,16297074
Midwest,2023-08-16,33,0,4363570,0,66427,NA,NA,16297074
Midwest,2023-08-17,33,0,4363570,0,66427,NA,NA,16297074
Midwest,2023-08-18,33,0,4363570,0,66427,NA,NA,16297074
Midwest,2023-08-19,33,797,4364367,13,66440,NA,NA,16297074
Midwest,2023-08-20,34,0,4364367,0,66440,NA,NA,16297074
Midwest,2023-08-21,34,0,4364367,0,66440,NA,NA,16297074
Midwest,2023-08-22,34,0,4364367,0,66440,NA,NA,16297074
Midwest,2023-08-23,34,0,4364367,0,66440,NA,NA,16297074
Midwest,2023-08-24,34,0,4364367,0,66440,NA,NA,16297074
Midwest,2023-08-25,34,0,4364367,0,66440,NA,NA,16297074
Midwest,2023-08-26,34,3931,4368298,19,66459,NA,NA,16297074
Midwest,2023-08-27,35,0,4368298,0,66459,NA,NA,16297074
Midwest,2023-08-28,35,0,4368298,0,66459,NA,NA,16297074
Midwest,2023-08-29,35,0,4368298,0,66459,NA,NA,16297074
Midwest,2023-08-30,35,0,4368298,0,66459,NA,NA,16297074
Midwest,2023-08-31,35,0,4368298,0,66459,NA,NA,16297074
Midwest,2023-09-01,35,0,4368298,0,66459,NA,NA,16297074
Midwest,2023-09-02,35,2765,4371063,12,66471,NA,NA,16297074
Midwest,2023-09-03,36,0,4371063,0,66471,NA,NA,16297074
Midwest,2023-09-04,36,0,4371063,0,66471,NA,NA,16297074
Midwest,2023-09-05,36,0,4371063,0,66471,NA,NA,16297074
Midwest,2023-09-06,36,0,4371063,0,66471,NA,NA,16297074
Midwest,2023-09-07,36,0,4371063,0,66471,NA,NA,16297074
Midwest,2023-09-08,36,0,4371063,0,66471,NA,NA,16297074
Midwest,2023-09-09,36,670,4371733,7,66478,NA,NA,16297074
Midwest,2023-09-10,37,0,4371733,0,66478,NA,NA,16297074
Midwest,2023-09-11,37,0,4371733,0,66478,NA,NA,16297074
Midwest,2023-09-12,37,0,4371733,0,66478,NA,NA,16297074
Midwest,2023-09-13,37,0,4371733,0,66478,NA,NA,16297074
Midwest,2023-09-14,37,0,4371733,0,66478,NA,NA,16297074
Midwest,2023-09-15,37,0,4371733,0,66478,NA,NA,16297074
Midwest,2023-09-16,37,6671,4378404,20,66498,NA,NA,16297074
Midwest,2023-09-17,38,0,4378404,0,66498,NA,NA,16297074
Midwest,2023-09-18,38,0,4378404,0,66498,NA,NA,16297074
Midwest,2023-09-19,38,0,4378404,0,66498,NA,NA,16297074
Midwest,2023-09-20,38,0,4378404,0,66498,NA,NA,16297074
Midwest,2023-09-21,38,0,4378404,0,66498,NA,NA,16297074
Midwest,2023-09-22,38,0,4378404,0,66498,NA,NA,16297074
Midwest,2023-09-23,38,2168,4380572,6,66504,NA,NA,16297074
Midwest,2023-09-24,39,0,4380572,0,66504,NA,NA,16297074
Midwest,2023-09-25,39,0,4380572,0,66504,NA,NA,16297074
Midwest,2023-09-26,39,0,4380572,0,66504,NA,NA,16297074
Midwest,2023-09-27,39,0,4380572,0,66504,NA,NA,16297074
Midwest,2023-09-28,39,0,4380572,0,66504,NA,NA,16297074
Midwest,2023-09-29,39,0,4380572,0,66504,NA,NA,16297074
Midwest,2023-09-30,39,7343,4387915,21,66525,NA,NA,16297074
Midwest,2023-10-01,40,0,4387915,0,66525,NA,NA,16297074
Midwest,2023-10-02,40,0,4387915,0,66525,NA,NA,16297074
Midwest,2023-10-03,40,0,4387915,0,66525,NA,NA,16297074
Midwest,2023-10-04,40,0,4387915,0,66525,NA,NA,16297074
Midwest,2023-10-05,40,0,4387915,0,66525,NA,NA,16297074
Midwest,2023-10-06,40,0,4387915,0,66525,NA,NA,16297074
Midwest,2023-10-07,40,1702,4389617,21,66546,NA,NA,16297074
Midwest,2023-10-08,41,0,4389617,0,66546,NA,NA,16297074
Midwest,2023-10-09,41,0,4389617,0,66546,NA,NA,16297074
Midwest,2023-10-10,41,0,4389617,0,66546,NA,NA,16297074
Midwest,2023-10-11,41,0,4389617,0,66546,NA,NA,16297074
Midwest,2023-10-12,41,0,4389617,0,66546,NA,NA,16297074
Midwest,2023-10-13,41,0,4389617,0,66546,NA,NA,16297074
Midwest,2023-10-14,41,-8035,4381582,29,66575,NA,NA,16297074
Midwest,2023-10-15,42,0,4381582,0,66575,NA,NA,16297074
Midwest,2023-10-16,42,0,4381582,0,66575,NA,NA,16297074
Midwest,2023-10-17,42,0,4381582,0,66575,NA,NA,16297074
Midwest,2023-10-18,42,0,4381582,0,66575,NA,NA,16297074
Midwest,2023-10-19,42,0,4381582,0,66575,NA,NA,16297074
Midwest,2023-10-20,42,0,4381582,0,66575,NA,NA,16297074
Midwest,2023-10-21,42,17605,4399187,24,66599,NA,NA,16297074
Midwest,2023-10-22,43,0,4399187,0,66599,NA,NA,16297074
Midwest,2023-10-23,43,0,4399187,0,66599,NA,NA,16297074
Midwest,2023-10-24,43,0,4399187,0,66599,NA,NA,16297074
Midwest,2023-10-25,43,0,4399187,0,66599,NA,NA,16297074
Midwest,2023-10-26,43,0,4399187,0,66599,NA,NA,16297074
Midwest,2023-10-27,43,0,4399187,0,66599,NA,NA,16297074
Midwest,2023-10-28,43,2616,4401803,10,66609,NA,NA,16297074
Midwest,2023-10-29,44,0,4401803,0,66609,NA,NA,16297074
Midwest,2023-10-30,44,0,4401803,0,66609,NA,NA,16297074
Midwest,2023-10-31,44,0,4401803,0,66609,NA,NA,16297074
Midwest,2023-11-01,44,0,4401803,0,66609,NA,NA,16297074
Midwest,2023-11-02,44,0,4401803,0,66609,NA,NA,16297074
Midwest,2023-11-03,44,0,4401803,0,66609,NA,NA,16297074
Midwest,2023-11-04,44,18042,4419845,15,66624,NA,NA,16297074
Midwest,2023-11-05,45,0,4419845,0,66624,NA,NA,16297074
Midwest,2023-11-06,45,0,4419845,0,66624,NA,NA,16297074
Midwest,2023-11-07,45,0,4419845,0,66624,NA,NA,16297074
Midwest,2023-11-08,45,0,4419845,0,66624,NA,NA,16297074
Midwest,2023-11-09,45,0,4419845,0,66624,NA,NA,16297074
Midwest,2023-11-10,45,0,4419845,0,66624,NA,NA,16297074
Midwest,2023-11-11,45,-11283,4408562,15,66639,NA,NA,16297074
Midwest,2023-11-12,46,0,4408562,0,66639,NA,NA,16297074
Midwest,2023-11-13,46,0,4408562,0,66639,NA,NA,16297074
Midwest,2023-11-14,46,0,4408562,0,66639,NA,NA,16297074
Midwest,2023-11-15,46,0,4408562,0,66639,NA,NA,16297074
Midwest,2023-11-16,46,0,4408562,0,66639,NA,NA,16297074
Midwest,2023-11-17,46,0,4408562,0,66639,NA,NA,16297074
Midwest,2023-11-18,46,3184,4411746,6,66645,NA,NA,16297074
Midwest,2023-11-19,47,0,4411746,0,66645,NA,NA,16297074
Midwest,2023-11-20,47,0,4411746,0,66645,NA,NA,16297074
Midwest,2023-11-21,47,0,4411746,0,66645,NA,NA,16297074
Midwest,2023-11-22,47,0,4411746,0,66645,NA,NA,16297074
Midwest,2023-11-23,47,0,4411746,0,66645,NA,NA,16297074
Midwest,2023-11-24,47,0,4411746,0,66645,NA,NA,16297074
Midwest,2023-11-25,47,2855,4414601,18,66663,NA,NA,16297074
Midwest,2023-11-26,48,0,4414601,0,66663,NA,NA,16297074
Midwest,2023-11-27,48,0,4414601,0,66663,NA,NA,16297074
Midwest,2023-11-28,48,0,4414601,0,66663,NA,NA,16297074
Midwest,2023-11-29,48,0,4414601,0,66663,NA,NA,16297074
Midwest,2023-11-30,48,0,4414601,0,66663,NA,NA,16297074
Midwest,2023-12-01,48,0,4414601,0,66663,NA,NA,16297074
Midwest,2023-12-02,48,2055,4416656,18,66681,NA,NA,16297074
Midwest,2023-12-03,49,0,4416656,0,66681,NA,NA,16297074
Midwest,2023-12-04,49,0,4416656,0,66681,NA,NA,16297074
Midwest,2023-12-05,49,0,4416656,0,66681,NA,NA,16297074
Midwest,2023-12-06,49,0,4416656,0,66681,NA,NA,16297074
Midwest,2023-12-07,49,0,4416656,0,66681,NA,NA,16297074
Midwest,2023-12-08,49,0,4416656,0,66681,NA,NA,16297074
Midwest,2023-12-09,49,1870,4418526,15,66696,NA,NA,16297074
Midwest,2023-12-10,50,0,4418526,0,66696,NA,NA,16297074
Midwest,2023-12-11,50,0,4418526,0,66696,NA,NA,16297074
Midwest,2023-12-12,50,0,4418526,0,66696,NA,NA,16297074
Midwest,2023-12-13,50,0,4418526,0,66696,NA,NA,16297074
Midwest,2023-12-14,50,0,4418526,0,66696,NA,NA,16297074
Midwest,2023-12-15,50,0,4418526,0,66696,NA,NA,16297074
Midwest,2023-12-16,50,1586,4420112,4,66700,NA,NA,16297074
Midwest,2023-12-17,51,0,4420112,0,66700,NA,NA,16297074
Midwest,2023-12-18,51,0,4420112,0,66700,NA,NA,16297074
Midwest,2023-12-19,51,0,4420112,0,66700,NA,NA,16297074
Midwest,2023-12-20,51,0,4420112,0,66700,NA,NA,16297074
Midwest,2023-12-21,51,0,4420112,0,66700,NA,NA,16297074
Midwest,2023-12-22,51,0,4420112,0,66700,NA,NA,16297074
Midwest,2023-12-23,51,1218,4421330,14,66714,NA,NA,16297074
Midwest,2023-12-24,52,0,4421330,0,66714,NA,NA,16297074
Midwest,2023-12-25,52,0,4421330,0,66714,NA,NA,16297074
Midwest,2023-12-26,52,0,4421330,0,66714,NA,NA,16297074
Midwest,2023-12-27,52,0,4421330,0,66714,NA,NA,16297074
Midwest,2023-12-28,52,0,4421330,0,66714,NA,NA,16297074
Midwest,2023-12-29,52,0,4421330,0,66714,NA,NA,16297074
Midwest,2023-12-30,52,716,4422046,6,66720,NA,NA,16297074
Midwest,2023-12-31,1,0,4422046,0,66720,NA,NA,16297074
North,2023-07-01,26,873,2914370,4,51744,NA,NA,18430980
North,2023-07-02,27,0,2914370,0,51744,NA,NA,18430980
North,2023-07-03,27,0,2914370,0,51744,NA,NA,18430980
North,2023-07-04,27,0,2914370,0,51744,NA,NA,18430980
North,2023-07-05,27,0,2914370,0,51744,NA,NA,18430980
North,2023-07-06,27,0,2914370,0,51744,NA,NA,18430980
North,2023-07-07,27,0,2914370,0,51744,NA,NA,18430980
North,2023-07-08,27,616,2914986,6,51750,NA,NA,18430980
North,2023-07-09,28,0,2914986,0,51750,NA,NA,18430980
North,2023-07-10,28,0,2914986,0,51750,NA,NA,18430980
North,2023-07-11,28,0,2914986,0,51750,NA,NA,18430980
North,2023-07-12,28,0,2914986,0,51750,NA,NA,18430980
North,2023-07-13,28,0,2914986,0,51750,NA,NA,18430980
North,2023-07-14,28,0,2914986,0,51750,NA,NA,18430980
North,2023-07-15,28,808,2915794,5,51755,NA,NA,18430980
North,2023-07-16,29,0,2915794,0,51755,NA,NA,18430980
North,2023-07-17,29,0,2915794,0,51755,NA,NA,18430980
North,2023-07-18,29,0,2915794,0,51755,NA,NA,18430980
North,2023-07-19,29,0,2915794,0,51755,NA,NA,18430980
North,2023-07-20,29,0,2915794,0,51755,NA,NA,18430980
North,2023-07-21,29,0,2915794,0,51755,NA,NA,18430980
North,2023-07-22,29,512,2916306,3,51758,NA,NA,18430980
North,2023-07-23,30,0,2916306,0,51758,NA,NA,18430980
North,2023-07-24,30,0,2916306,0,51758,NA,NA,18430980
North,2023-07-25,30,0,2916306,0,51758,NA,NA,18430980
North,2023-07-26,30,0,2916306,0,51758,NA,NA,18430980
North,2023-07-27,30,0,2916306,0,51758,NA,NA,18430980
North,2023-07-28,30,0,2916306,0,51758,NA,NA,18430980
North,2023-07-29,30,365,2916671,7,51765,NA,NA,18430980
North,2023-07-30,31,0,2916671,0,51765,NA,NA,18430980
North,2023-07-31,31,0,2916671,0,51765,NA,NA,18430980
North,2023-08-01,31,0,2916671,0,51765,NA,NA,18430980
North,2023-08-02,31,0,2916671,0,51765,NA,NA,18430980
North,2023-08-03,31,0,2916671,0,51765,NA,NA,18430980
North,2023-08-04,31,0,2916671,0,51765,NA,NA,18430980
North,2023-08-05,31,435,2917106,4,51769,NA,NA,18430980
North,2023-08-06,32,0,2917106,0,51769,NA,NA,18430980
North,2023-08-07,32,0,2917106,0,51769,NA,NA,18430980
North,2023-08-08,32,0,2917106,0,51769,NA,NA,18430980
North,2023-08-09,32,0,2917106,0,51769,NA,NA,18430980
North,2023-08-10,32,0,2917106,0,51769,NA,NA,18430980
North,2023-08-11,32,0,2917106,0,51769,NA,NA,18430980
North,2023-08-12,32,265,2917371,4,51773,NA,NA,18430980
North,2023-08-13,33,0,2917371,0,51773,NA,NA,18430980
North,2023-08-14,33,0,2917371,0,51773,NA,NA,18430980
North,2023-08-15,33,0,2917371,0,51773,NA,NA,18430980
North,2023-08-16,33,0,2917371,0,51773,NA,NA,18430980
North,2023-08-17,33,0,2917371,0,51773,NA,NA,18430980
North,2023-08-18,33,0,2917371,0,51773,NA,NA,18430980
North,2023-08-19,33,254,2917625,3,51776,NA,NA,18430980
North,2023-08-20,34,0,2917625,0,51776,NA,NA,18430980
North,2023-08-21,34,0,2917625,0,51776,NA,NA,18430980
North,2023-08-22,34,0,2917625,0,51776,NA,NA,18430980
North,2023-08-23,34,0,2917625,0,51776,NA,NA,18430980
North,2023-08-24,34,0,2917625,0,51776,NA,NA,18430980
North,2023-08-25,34,0,2917625,0,51776,NA,NA,18430980
North,2023-08-26,34,449,2918074,5,51781,NA,NA,18430980
North,2023-08-27,35,0,2918074,0,51781,NA,NA,18430980
North,2023-08-28,35,0,2918074,0,51781,NA,NA,18430980
North,2023-08-29,35,0,2918074,0,51781,NA,NA,18430980
North,2023-08-30,35,0,2918074,0,51781,NA,NA,18430980
North,2023-08-31,35,0,2918074,0,51781,NA,NA,18430980
North,2023-09-01,35,0,2918074,0,51781,NA,NA,18430980
North,2023-09-02,35,502,2918576,-199,51582,NA,NA,18430980
North,2023-09-03,36,0,2918576,0,51582,NA,NA,18430980
North,2023-09-04,36,0,2918576,0,51582,NA,NA,18430980
North,2023-09-05,36,0,2918576,0,51582,NA,NA,18430980
North,2023-09-06,36,0,2918576,0,51582,NA,NA,18430980
North,2023-09-07,36,0,2918576,0,51582,NA,NA,18430980
North,2023-09-08,36,0,2918576,0,51582,NA,NA,18430980
North,2023-09-09,36,229,2918805,208,51790,NA,NA,18430980
North,2023-09-10,37,0,2918805,0,51790,NA,NA,18430980
North,2023-09-11,37,0,2918805,0,51790,NA,NA,18430980
North,2023-09-12,37,0,2918805,0,51790,NA,NA,18430980
North,2023-09-13,37,0,2918805,0,51790,NA,NA,18430980
North,2023-09-14,37,0,2918805,0,51790,NA,NA,18430980
North,2023-09-15,37,0,2918805,0,51790,NA,NA,18430980
North,2023-09-16,37,347,2919152,1,51791,NA,NA,18430980
North,2023-09-17,38,0,2919152,0,51791,NA,NA,18430980
North,2023-09-18,38,0,2919152,0,51791,NA,NA,18430980
North,2023-09-19,38,0,2919152,0,51791,NA,NA,18430980
North,2023-09-20,38,0,2919152,0,51791,NA,NA,18430980
North,2023-09-21,38,0,2919152,0,51791,NA,NA,18430980
North,2023-09-22,38,0,2919152,0,51791,NA,NA,18430980
North,2023-09-23,38,504,2919656,1,51792,NA,NA,18430980
North,2023-09-24,39,0,2919656,0,51792,NA,NA,18430980
North,2023-09-25,39,0,2919656,0,51792,NA,NA,18430980
North,2023-09-26,39,0,2919656,0,51792,NA,NA,18430980
North,2023-09-27,39,0,2919656,0,51792,NA,NA,18430980
North,2023-09-28,39,0,2919656,0,51792,NA,NA,18430980
North,2023-09-29,39,0,2919656,0,51792,NA,NA,18430980
North,2023-09-30,39,316,2919972,4,51796,NA,NA,18430980
North,2023-10-01,40,0,2919972,0,51796,NA,NA,18430980
North,2023-10-02,40,0,2919972,0,51796,NA,NA,18430980
North,2023-10-03,40,0,2919972,0,51796,NA,NA,18430980
North,2023-10-04,40,0,2919972,0,51796,NA,NA,18430980
North,2023-10-05,40,0,2919972,0,51796,NA,NA,18430980
North,2023-10-06,40,0,2919972,0,51796,NA,NA,18430980
North,2023-10-07,40,279,2920251,2,51798,NA,NA,18430980
North,2023-10-08,41,0,2920251,0,51798,NA,NA,18430980
North,2023-10-09,41,0,2920251,0,51798,NA,NA,18430980
North,2023-10-10,41,0,2920251,0,51798,NA,NA,18430980
North,2023-10-11,41,0,2920251,0,51798,NA,NA,18430980
North,2023-10-12,41,0,2920251,0,51798,NA,NA,18430980
North,2023-10-13,41,0,2920251,0,51798,NA,NA,18430980
North,2023-10-14,41,112,2920363,0,51798,NA,NA,18430980
North,2023-10-15,42,0,2920363,0,51798,NA,NA,18430980
North,2023-10-16,42,0,2920363,0,51798,NA,NA,18430980
North,2023-10-17,42,0,2920363,0,51798,NA,NA,18430980
North,2023-10-18,42,0,2920363,0,51798,NA,NA,18430980
North,2023-10-19,42,0,2920363,0,51798,NA,NA,18430980
North,2023-10-20,42,0,2920363,0,51798,NA,NA,18430980
North,2023-10-21,42,262,2920625,1,51799,NA,NA,18430980
North,2023-10-22,43,0,2920625,0,51799,NA,NA,18430980
North,2023-10-23,43,0,2920625,0,51799,NA,NA,18430980
North,2023-10-24,43,0,2920625,0,51799,NA,NA,18430980
North,2023-10-25,43,0,2920625,0,51799,NA,NA,18430980
North,2023-10-26,43,0,2920625,0,51799,NA,NA,18430980
North,2023-10-27,43,0,2920625,0,51799,NA,NA,18430980
North,2023-10-28,43,243,2920868,1,51800,NA,NA,18430980
North,2023-10-29,44,0,2920868,0,51800,NA,NA,18430980
North,2023-10-30,44,0,2920868,0,51800,NA,NA,18430980
North,2023-10-31,44,0,2920868,0,51800,NA,NA,18430980
North,2023-11-01,44,0,2920868,0,51800,NA,NA,18430980
North,2023-11-02,44,0,2920868,0,51800,NA,NA,18430980
North,2023-11-03,44,0,2920868,0,51800,NA,NA,18430980
North,2023-11-04,44,271,2921139,2,51802,NA,NA,18430980
North,2023-11-05,45,0,2921139,0,51802,NA,NA,18430980
North,2023-11-06,45,0,2921139,0,51802,NA,NA,18430980
North,2023-11-07,45,0,2921139,0,51802,NA,NA,18430980
North,2023-11-08,45,0,2921139,0,51802,NA,NA,18430980
North,2023-11-09,45,0,2921139,0,51802,NA,NA,18430980
North,2023-11-10,45,0,2921139,0,51802,NA,NA,18430980
North,2023-11-11,45,555,2921694,1,51803,NA,NA,18430980
North,2023-11-12,46,0,2921694,0,51803,NA,NA,18430980
North,2023-11-13,46,0,2921694,0,51803,NA,NA,18430980
North,2023-11-14,46,0,2921694,0,51803,NA,NA,18430980
North,2023-11-15,46,0,2921694,0,51803,NA,NA,18430980
North,2023-11-16,46,0,2921694,0,51803,NA,NA,18430980
North,2023-11-17,46,0,2921694,0,51803,NA,NA,18430980
North,2023-11-18,46,321,2922015,1,51804,NA,NA,18430980
North,2023-11-19,47,0,2922015,0,51804,NA,NA,18430980
North,2023-11-20,47,0,2922015,0,51804,NA,NA,18430980
North,2023-11-21,47,0,2922015,0,51804,NA,NA,18430980
North,2023-11-22,47,0,2922015,0,51804,NA,NA,18430980
North,2023-11-23,47,0,2922015,0,51804,NA,NA,18430980
North,2023-11-24,47,0,2922015,0,51804,NA,NA,18430980
North,2023-11-25,47,534,2922549,3,51807,NA,NA,18430980
North,2023-11-26,48,0,2922549,0,51807,NA,NA,18430980
North,2023-11-27,48,0,2922549,0,51807,NA,NA,18430980
North,2023-11-28,48,0,2922549,0,51807,NA,NA,18430980
North,2023-11-29,48,0,2922549,0,51807,NA,NA,18430980
North,2023-11-30,48,0,2922549,0,51807,NA,NA,18430980
North,2023-12-01,48,0,2922549,0,51807,NA,NA,18430980
North,2023-12-02,48,985,2923534,2,51809,NA,NA,18430980
North,2023-12-03,49,0,2923534,0,51809,NA,NA,18430980
North,2023-12-04,49,0,2923534,0,51809,NA,NA,18430980
North,2023-12-05,49,0,2923534,0,51809,NA,NA,18430980
North,2023-12-06,49,0,2923534,0,51809,NA,NA,18430980
North,2023-12-07,49,0,2923534,0,51809,NA,NA,18430980
North,2023-12-08,49,0,2923534,0,51809,NA,NA,18430980
North,2023-12-09,49,387,2923921,6,51815,NA,NA,18430980
North,2023-12-10,50,0,2923921,0,51815,NA,NA,18430980
North,2023-12-11,50,0,2923921,0,51815,NA,NA,18430980
North,2023-12-12,50,0,2923921,0,51815,NA,NA,18430980
North,2023-12-13,50,0,2923921,0,51815,NA,NA,18430980
North,2023-12-14,50,0,2923921,0,51815,NA,NA,18430980
North,2023-12-15,50,0,2923921,0,51815,NA,NA,18430980
North,2023-12-16,50,645,2924566,6,51821,NA,NA,18430980
North,2023-12-17,51,0,2924566,0,51821,NA,NA,18430980
North,2023-12-18,51,0,2924566,0,51821,NA,NA,18430980
North,2023-12-19,51,0,2924566,0,51821,NA,NA,18430980
North,2023-12-20,51,0,2924566,0,51821,NA,NA,18430980
North,2023-12-21,51,0,2924566,0,51821,NA,NA,18430980
North,2023-12-22,51,0,2924566,0,51821,NA,NA,18430980
North,2023-12-23,51,1644,2926210,6,51827,NA,NA,18430980
North,2023-12-24,52,0,2926210,0,51827,NA,NA,18430980
North,2023-12-25,52,0,2926210,0,51827,NA,NA,18430980
North,2023-12-26,52,0,2926210,0,51827,NA,NA,18430980
North,2023-12-27,52,0,2926210,0,51827,NA,NA,18430980
North,2023-12-28,52,0,2926210,0,51827,NA,NA,18430980
North,2023-12-29,52,0,2926210,0,51827,NA,NA,18430980
North,2023-12-30,52,925,2927135,-2,51825,NA,NA,18430980
North,2023-12-31,1,0,2927135,0,51825,NA,NA,18430980
Northeast,2023-07-01,26,2193,7397509,47,135616,NA,NA,57071654
Northeast,2023-07-02,27,0,7397509,0,135616,NA,NA,57071654
Northeast,2023-07-03,27,0,7397509,0,135616,NA,NA,57071654
Northeast,2023-07-04,27,0,7397509,0,135616,NA,NA,57071654
Northeast,2023-07-05,27,0,7397509,0,135616,NA,NA,57071654
Northeast,2023-07-06,27,0,7397509,0,135616,NA,NA,57071654
Northeast,2023-07-07,27,0,7397509,0,135616,NA,NA,57071654
Northeast,2023-07-08,27,2668,7400177,51,135667,NA,NA,57071654
Northeast,2023-07-09,28,0,7400177,0,135667,NA,NA,57071654
Northeast,2023-07-10,28,0,7400177,0,135667,NA,NA,57071654
Northeast,2023-07-11,28,0,7400177,0,135667,NA,NA,57071654
Northeast,2023-07-12,28,0,7400177,0,135667,NA,NA,57071654
Northeast,2023-07-13,28,0,7400177,0,135667,NA,NA,57071654
Northeast,2023-07-14,28,0,7400177,0,135667,NA,NA,57071654
Northeast,2023-07-15,28,2716,7402893,42,135709,NA,NA,57071654
Northeast,2023-07-16,29,0,7402893,0,135709,NA,NA,57071654
Northeast,2023-07-17,29,0,7402893,0,135709,NA,NA,57071654
Northeast,2023-07-18,29,0,7402893,0,135709,NA,NA,57071654
Northeast,2023-07-19,29,0,7402893,0,135709,NA,NA,57071654
Northeast,2023-07-20,29,0,7402893,0,135709,NA,NA,57071654
Northeast,2023-07-21,29,0,7402893,0,135709,NA,NA,57071654
Northeast,2023-07-22,29,2226,7405119,29,135738,NA,NA,57071654
Northeast,2023-07-23,30,0,7405119,0,135738,NA,NA,57071654
Northeast,2023-07-24,30,0,7405119,0,135738,NA,NA,57071654
Northeast,2023-07-25,30,0,7405119,0,135738,NA,NA,57071654
Northeast,2023-07-26,30,0,7405119,0,135738,NA,NA,57071654
Northeast,2023-07-27,30,0,7405119,0,135738,NA,NA,57071654
Northeast,2023-07-28,30,0,7405119,0,135738,NA,NA,57071654
Northeast,2023-07-29,30,1408,7406527,38,135776,NA,NA,57071654
Northeast,2023-07-30,31,0,7406527,0,135776,NA,NA,57071654
Northeast,2023-07-31,31,0,7406527,0,135776,NA,NA,57071654
Northeast,2023-08-01,31,0,7406527,0,135776,NA,NA,57071654
Northeast,2023-08-02,31,0,7406527,0,135776,NA,NA,57071654
Northeast,2023-08-03,31,0,7406527,0,135776,NA,NA,57071654
Northeast,2023-08-04,31,0,7406527,0,135776,NA,NA,57071654
Northeast,2023-08-05,31,538,7407065,17,135793,NA,NA,57071654
Northeast,2023-08-06,32,0,7407065,0,135793,NA,NA,57071654
Northeast,2023-08-07,32,0,7407065,0,135793,NA,NA,57071654
Northeast,2023-08-08,32,0,7407065,0,135793,NA,NA,57071654
Northeast,2023-08-09,32,0,7407065,0,135793,NA,NA,57071654
Northeast,2023-08-10,32,0,7407065,0,135793,NA,NA,57071654
Northeast,2023-08-11,32,0,7407065,0,135793,NA,NA,57071654
Northeast,2023-08-12,32,1366,7408431,39,135832,NA,NA,57071654
Northeast,2023-08-13,33,0,7408431,0,135832,NA,NA,57071654
Northeast,2023-08-14,33,0,7408431,0,135832,NA,NA,57071654
Northeast,2023-08-15,33,0,7408431,0,135832,NA,NA,57071654
Northeast,2023-08-16,33,0,7408431,0,135832,NA,NA,57071654
Northeast,2023-08-17,33,0,7408431,0,135832,NA,NA,57071654
Northeast,2023-08-18,33,0,7408431,0,135832,NA,NA,57071654
Northeast,2023-08-19,33,955,7409386,57,135889,NA,NA,57071654
Northeast,2023-08-20,34,0,7409386,0,135889,NA,NA,57071654
Northeast,2023-08-21,34,0,7409386,0,135889,NA,NA,57071654
Northeast,2023-08-22,34,0,7409386,0,135889,NA,NA,57071654
Northeast,2023-08-23,34,0,7409386,0,135889,NA,NA,57071654
Northeast,2023-08-24,34,0,7409386,0,135889,NA,NA,57071654
Northeast,2023-08-25,34,0,7409386,0,135889,NA,NA,57071654
Northeast,2023-08-26,34,1132,7410518,57,135946,NA,NA,57071654
Northeast,2023-08-27,35,0,7410518,0,135946,NA,NA,57071654
Northeast,2023-08-28,35,0,7410518,0,135946,NA,NA,57071654
Northeast,2023-08-29,35,0,7410518,0,135946,NA,NA,57071654
Northeast,2023-08-30,35,0,7410518,0,135946,NA,NA,57071654
Northeast,2023-08-31,35,0,7410518,0,135946,NA,NA,57071654
Northeast,2023-09-01,35,0,7410518,0,135946,NA,NA,57071654
Northeast,2023-09-02,35,851,7411369,12,135958,NA,NA,57071654
Northeast,2023-09-03,36,0,7411369,0,135958,NA,NA,57071654
Northeast,2023-09-04,36,0,7411369,0,135958,NA,NA,57071654
Northeast,2023-09-05,36,0,7411369,0,135958,NA,NA,57071654
Northeast,2023-09-06,36,0,7411369,0,135958,NA,NA,57071654
Northeast,2023-09-07,36,0,7411369,0,135958,NA,NA,57071654
Northeast,2023-09-08,36,0,7411369,0,135958,NA,NA,57071654
Northeast,2023-09-09,36,456,7411825,15,135973,NA,NA,57071654
Northeast,2023-09-10,37,0,7411825,0,135973,NA,NA,57071654
Northeast,2023-09-11,37,0,7411825,0,135973,NA,NA,57071654
Northeast,2023-09-12,37,0,7411825,0,135973,NA,NA,57071654
Northeast,2023-09-13,37,0,7411825,0,135973,NA,NA,57071654
Northeast,2023-09-14,37,0,7411825,0,135973,NA,NA,57071654
Northeast,2023-09-15,37,0,7411825,0,135973,NA,NA,57071654
Northeast,2023-09-16,37,1035,7412860,12,135985,NA,NA,57071654
Northeast,2023-09-17,38,0,7412860,0,135985,NA,NA,57071654
Northeast,2023-09-18,38,0,7412860,0,135985,NA,NA,57071654
Northeast,2023-09-19,38,0,7412860,0,135985,NA,NA,57071654
Northeast,2023-09-20,38,0,7412860,0,135985,NA,NA,57071654
Northeast,2023-09-21,38,0,7412860,0,135985,NA,NA,57071654
Northeast,2023-09-22,38,0,7412860,0,135985,NA,NA,57071654
Northeast,2023-09-23,38,1046,7413906,23,136008,NA,NA,57071654
Northeast,2023-09-24,39,0,7413906,0,136008,NA,NA,57071654
Northeast,2023-09-25,39,0,7413906,0,136008,NA,NA,57071654
Northeast,2023-09-26,39,0,7413906,0,136008,NA,NA,57071654
Northeast,2023-09-27,39,0,7413906,0,136008,NA,NA,57071654
Northeast,2023-09-28,39,0,7413906,0,136008,NA,NA,57071654
Northeast,2023-09-29,39,0,7413906,0,136008,NA,NA,57071654
Northeast,2023-09-30,39,873,7414779,45,136053,NA,NA,57071654
Northeast,2023-10-01,40,0,7414779,0,136053,NA,NA,57071654
Northeast,2023-10-02,40,0,7414779,0,136053,NA,NA,57071654
Northeast,2023-10-03,40,0,7414779,0,136053,NA,NA,57071654
Northeast,2023-10-04,40,0,7414779,0,136053,NA,NA,57071654
Northeast,2023-10-05,40,0,7414779,0,136053,NA,NA,57071654
Northeast,2023-10-06,40,0,7414779,0,136053,NA,NA,57071654
Northeast,2023-10-07,40,498,7415277,10,136063,NA,NA,57071654
Northeast,2023-10-08,41,0,7415277,0,136063,NA,NA,57071654
Northeast,2023-10-09,41,0,7415277,0,136063,NA,NA,57071654
Northeast,2023-10-10,41,0,7415277,0,136063,NA,NA,57071654
Northeast,2023-10-11,41,0,7415277,0,136063,NA,NA,57071654
Northeast,2023-10-12,41,0,7415277,0,136063,NA,NA,57071654
Northeast,2023-10-13,41,0,7415277,0,136063,NA,NA,57071654
Northeast,2023-10-14,41,437,7415714,11,136074,NA,NA,57071654
Northeast,2023-10-15,42,0,7415714,0,136074,NA,NA,57071654
Northeast,2023-10-16,42,0,7415714,0,136074,NA,NA,57071654
Northeast,2023-10-17,42,0,7415714,0,136074,NA,NA,57071654
Northeast,2023-10-18,42,0,7415714,0,136074,NA,NA,57071654
Northeast,2023-10-19,42,0,7415714,0,136074,NA,NA,57071654
Northeast,2023-10-20,42,0,7415714,0,136074,NA,NA,57071654
Northeast,2023-10-21,42,810,7416524,36,136110,NA,NA,57071654
Northeast,2023-10-22,43,0,7416524,0,136110,NA,NA,57071654
Northeast,2023-10-23,43,0,7416524,0,136110,NA,NA,57071654
Northeast,2023-10-24,43,0,7416524,0,136110,NA,NA,57071654
Northeast,2023-10-25,43,0,7416524,0,136110,NA,NA,57071654
Northeast,2023-10-26,43,0,7416524,0,136110,NA,NA,57071654
Northeast,2023-10-27,43,0,7416524,0,136110,NA,NA,57071654
Northeast,2023-10-28,43,1166,7417690,14,136124,NA,NA,57071654
Northeast,2023-10-29,44,0,7417690,0,136124,NA,NA,57071654
Northeast,2023-10-30,44,0,7417690,0,136124,NA,NA,57071654
Northeast,2023-10-31,44,0,7417690,0,136124,NA,NA,57071654
Northeast,2023-11-01,44,0,7417690,0,136124,NA,NA,57071654
Northeast,2023-11-02,44,0,7417690,0,136124,NA,NA,57071654
Northeast,2023-11-03,44,0,7417690,0,136124,NA,NA,57071654
Northeast,2023-11-04,44,1275,7418965,19,136143,NA,NA,57071654
Northeast,2023-11-05,45,0,7418965,0,136143,NA,NA,57071654
Northeast,2023-11-06,45,0,7418965,0,136143,NA,NA,57071654
Northeast,2023-11-07,45,0,7418965,0,136143,NA,NA,57071654
Northeast,2023-11-08,45,0,7418965,0,136143,NA,NA,57071654
Northeast,2023-11-09,45,0,7418965,0,136143,NA,NA,57071654
Northeast,2023-11-10,45,0,7418965,0,136143,NA,NA,57071654
Northeast,2023-11-11,45,2035,7421000,14,136157,NA,NA,57071654
Northeast,2023-11-12,46,0,7421000,0,136157,NA,NA,57071654
Northeast,2023-11-13,46,0,7421000,0,136157,NA,NA,57071654
Northeast,2023-11-14,46,0,7421000,0,136157,NA,NA,57071654
Northeast,2023-11-15,46,0,7421000,0,136157,NA,NA,57071654
Northeast,2023-11-16,46,0,7421000,0,136157,NA,NA,57071654
Northeast,2023-11-17,46,0,7421000,0,136157,NA,NA,57071654
Northeast,2023-11-18,46,2000,7423000,23,136180,NA,NA,57071654
Northeast,2023-11-19,47,0,7423000,0,136180,NA,NA,57071654
Northeast,2023-11-20,47,0,7423000,0,136180,NA,NA,57071654
Northeast,2023-11-21,47,0,7423000,0,136180,NA,NA,57071654
Northeast,2023-11-22,47,0,7423000,0,136180,NA,NA,57071654
Northeast,2023-11-23,47,0,7423000,0,136180,NA,NA,57071654
Northeast,2023-11-24,47,0,7423000,0,136180,NA,NA,57071654
Northeast,2023-11-25,47,4592,7427592,27,136207,NA,NA,57071654
Northeast,2023-11-26,48,0,7427592,0,136207,NA,NA,57071654
Northeast,2023-11-27,48,0,7427592,0,136207,NA,NA,57071654
Northeast,2023-11-28,48,0,7427592,0,136207,NA,NA,57071654
Northeast,2023-11-29,48,0,7427592,0,136207,NA,NA,57071654
Northeast,2023-11-30,48,0,7427592,0,136207,NA,NA,57071654
Northeast,2023-12-01,48,0,7427592,0,136207,NA,NA,57071654
Northeast,2023-12-02,48,4754,7432346,43,136250,NA,NA,57071654
Northeast,2023-12-03,49,0,7432346,0,136250,NA,NA,57071654
Northeast,2023-12-04,49,0,7432346,0,136250,NA,NA,57071654
Northeast,2023-12-05,49,0,7432346,0,136250,NA,NA,57071654
Northeast,2023-12-06,49,0,7432346,0,136250,NA,NA,57071654
Northeast,2023-12-07,49,0,7432346,0,136250,NA,NA,57071654
Northeast,2023-12-08,49,0,7432346,0,136250,NA,NA,57071654
Northeast,2023-12-09,49,7432,7439778,36,136286,NA,NA,57071654
Northeast,2023-12-10,50,0,7439778,0,136286,NA,NA,57071654
Northeast,2023-12-11,50,0,7439778,0,136286,NA,NA,57071654
Northeast,2023-12-12,50,0,7439778,0,136286,NA,NA,57071654
Northeast,2023-12-13,50,0,7439778,0,136286,NA,NA,57071654
Northeast,2023-12-14,50,0,7439778,0,136286,NA,NA,57071654
Northeast,2023-12-15,50,0,7439778,0,136286,NA,NA,57071654
Northeast,2023-12-16,50,15287,7455065,46,136332,NA,NA,57071654
Northeast,2023-12-17,51,0,7455065,0,136332,NA,NA,57071654
Northeast,2023-12-18,51,0,7455065,0,136332,NA,NA,57071654
Northeast,2023-12-19,51,0,7455065,0,136332,NA,NA,57071654
Northeast,2023-12-20,51,0,7455065,0,136332,NA,NA,57071654
Northeast,2023-12-21,51,0,7455065,0,136332,NA,NA,57071654
Northeast,2023-12-22,51,0,7455065,0,136332,NA,NA,57071654
Northeast,2023-12-23,51,9197,7464262,55,136387,NA,NA,57071654
Northeast,2023-12-24,52,0,7464262,0,136387,NA,NA,57071654
Northeast,2023-12-25,52,0,7464262,0,136387,NA,NA,57071654
Northeast,2023-12-26,52,0,7464262,0,136387,NA,NA,57071654
Northeast,2023-12-27,52,0,7464262,0,136387,NA,NA,57071654
Northeast,2023-12-28,52,0,7464262,0,136387,NA,NA,57071654
Northeast,2023-12-29,52,0,7464262,0,136387,NA,NA,57071654
Northeast,2023-12-30,52,18033,7482295,40,136427,NA,NA,57071654
Northeast,2023-12-31,1,0,7482295,0,136427,NA,NA,57071654
South,2023-07-01,26,2488,8022125,31,111626,NA,NA,29975984
South,2023-07-02,27,0,8022125,0,111626,NA,NA,29975984
South,2023-07-03,27,0,8022125,0,111626,NA,NA,29975984
South,2023-07-04,27,0,8022125,0,111626,NA,NA,29975984
South,2023-07-05,27,0,8022125,0,111626,NA,NA,29975984
South,2023-07-06,27,0,8022125,0,111626,NA,NA,29975984
South,2023-07-07,27,0,8022125,0,111626,NA,NA,29975984
South,2023-07-08,27,1708,8023833,25,111651,NA,NA,29975984
South,2023-07-09,28,0,8023833,0,111651,NA,NA,29975984
South,2023-07-10,28,0,8023833,0,111651,NA,NA,29975984
South,2023-07-11,28,0,8023833,0,111651,NA,NA,29975984
South,2023-07-12,28,0,8023833,0,111651,NA,NA,29975984
South,2023-07-13,28,0,8023833,0,111651,NA,NA,29975984
South,2023-07-14,28,0,8023833,0,111651,NA,NA,29975984
South,2023-07-15,28,1386,8025219,24,111675,NA,NA,29975984
South,2023-07-16,29,0,8025219,0,111675,NA,NA,29975984
South,2023-07-17,29,0,8025219,0,111675,NA,NA,29975984
South,2023-07-18,29,0,8025219,0,111675,NA,NA,29975984
South,2023-07-19,29,0,8025219,0,111675,NA,NA,29975984
South,2023-07-20,29,0,8025219,0,111675,NA,NA,29975984
South,2023-07-21,29,0,8025219,0,111675,NA,NA,29975984
South,2023-07-22,29,1493,8026712,39,111714,NA,NA,29975984
South,2023-07-23,30,0,8026712,0,111714,NA,NA,29975984
South,2023-07-24,30,0,8026712,0,111714,NA,NA,29975984
South,2023-07-25,30,0,8026712,0,111714,NA,NA,29975984
South,2023-07-26,30,0,8026712,0,111714,NA,NA,29975984
South,2023-07-27,30,0,8026712,0,111714,NA,NA,29975984
South,2023-07-28,30,0,8026712,0,111714,NA,NA,29975984
South,2023-07-29,30,941,8027653,7,111721,NA,NA,29975984
South,2023-07-30,31,0,8027653,0,111721,NA,NA,29975984
South,2023-07-31,31,0,8027653,0,111721,NA,NA,29975984
South,2023-08-01,31,0,8027653,0,111721,NA,NA,29975984
South,2023-08-02,31,0,8027653,0,111721,NA,NA,29975984
South,2023-08-03,31,0,8027653,0,111721,NA,NA,29975984
South,2023-08-04,31,0,8027653,0,111721,NA,NA,29975984
South,2023-08-05,31,2925,8030578,16,111737,NA,NA,29975984
South,2023-08-06,32,0,8030578,0,111737,NA,NA,29975984
South,2023-08-07,32,0,8030578,0,111737,NA,NA,29975984
South,2023-08-08,32,0,8030578,0,111737,NA,NA,29975984
South,2023-08-09,32,0,8030578,0,111737,NA,NA,29975984
South,2023-08-10,32,0,8030578,0,111737,NA,NA,29975984
South,2023-08-11,32,0,8030578,0,111737,NA,NA,29975984
South,2023-08-12,32,1348,8031926,22,111759,NA,NA,29975984
South,2023-08-13,33,0,8031926,0,111759,NA,NA,29975984
South,2023-08-14,33,0,8031926,0,111759,NA,NA,29975984
South,2023-08-15,33,0,8031926,0,111759,NA,NA,29975984
South,2023-08-16,33,0,8031926,0,111759,NA,NA,29975984
South,2023-08-17,33,0,8031926,0,111759,NA,NA,29975984
South,2023-08-18,33,0,8031926,0,111759,NA,NA,29975984
South,2023-08-19,33,1464,8033390,17,111776,NA,NA,29975984
South,2023-08-20,34,0,8033390,0,111776,NA,NA,29975984
South,2023-08-21,34,0,8033390,0,111776,NA,NA,29975984
South,2023-08-22,34,0,8033390,0,111776,NA,NA,29975984
South,2023-08-23,34,0,8033390,0,111776,NA,NA,29975984
South,2023-08-24,34,0,8033390,0,111776,NA,NA,29975984
South,2023-08-25,34,0,8033390,0,111776,NA,NA,29975984
South,2023-08-26,34,1862,8035252,33,111809,NA,NA,29975984
South,2023-08-27,35,0,8035252,0,111809,NA,NA,29975984
South,2023-08-28,35,0,8035252,0,111809,NA,NA,29975984
South,2023-08-29,35,0,8035252,0,111809,NA,NA,29975984
South,2023-08-30,35,0,8035252,0,111809,NA,NA,29975984
South,2023-08-31,35,0,8035252,0,111809,NA,NA,29975984
South,2023-09-01,35,0,8035252,0,111809,NA,NA,29975984
South,2023-09-02,35,1554,8036806,5,111814,NA,NA,29975984
South,2023-09-03,36,0,8036806,0,111814,NA,NA,29975984
South,2023-09-04,36,0,8036806,0,111814,NA,NA,29975984
South,2023-09-05,36,0,8036806,0,111814,NA,NA,29975984
South,2023-09-06,36,0,8036806,0,111814,NA,NA,29975984
South,2023-09-07,36,0,8036806,0,111814,NA,NA,29975984
South,2023-09-08,36,0,8036806,0,111814,NA,NA,29975984
South,2023-09-09,36,1355,8038161,44,111858,NA,NA,29975984
South,2023-09-10,37,0,8038161,0,111858,NA,NA,29975984
South,2023-09-11,37,0,8038161,0,111858,NA,NA,29975984
South,2023-09-12,37,0,8038161,0,111858,NA,NA,29975984
South,2023-09-13,37,0,8038161,0,111858,NA,NA,29975984
South,2023-09-14,37,0,8038161,0,111858,NA,NA,29975984
South,2023-09-15,37,0,8038161,0,111858,NA,NA,29975984
South,2023-09-16,37,2452,8040613,9,111867,NA,NA,29975984
South,2023-09-17,38,0,8040613,0,111867,NA,NA,29975984
South,2023-09-18,38,0,8040613,0,111867,NA,NA,29975984
South,2023-09-19,38,0,8040613,0,111867,NA,NA,29975984
South,2023-09-20,38,0,8040613,0,111867,NA,NA,29975984
South,2023-09-21,38,0,8040613,0,111867,NA,NA,29975984
South,2023-09-22,38,0,8040613,0,111867,NA,NA,29975984
South,2023-09-23,38,2814,8043427,28,111895,NA,NA,29975984
South,2023-09-24,39,0,8043427,0,111895,NA,NA,29975984
South,2023-09-25,39,0,8043427,0,111895,NA,NA,29975984
South,2023-09-26,39,0,8043427,0,111895,NA,NA,29975984
South,2023-09-27,39,0,8043427,0,111895,NA,NA,29975984
South,2023-09-28,39,0,8043427,0,111895,NA,NA,29975984
South,2023-09-29,39,0,8043427,0,111895,NA,NA,29975984
South,2023-09-30,39,3292,8046719,25,111920,NA,NA,29975984
South,2023-10-01,40,0,8046719,0,111920,NA,NA,29975984
South,2023-10-02,40,0,8046719,0,111920,NA,NA,29975984
South,2023-10-03,40,0,8046719,0,111920,NA,NA,29975984
South,2023-10-04,40,0,8046719,0,111920,NA,NA,29975984
South,2023-10-05,40,0,8046719,0,111920,NA,NA,29975984
South,2023-10-06,40,0,8046719,0,111920,NA,NA,29975984
South,2023-10-07,40,3849,8050568,16,111936,NA,NA,29975984
South,2023-10-08,41,0,8050568,0,111936,NA,NA,29975984
South,2023-10-09,41,0,8050568,0,111936,NA,NA,29975984
South,2023-10-10,41,0,8050568,0,111936,NA,NA,29975984
South,2023-10-11,41,0,8050568,0,111936,NA,NA,29975984
South,2023-10-12,41,0,8050568,0,111936,NA,NA,29975984
South,2023-10-13,41,0,8050568,0,111936,NA,NA,29975984
South,2023-10-14,41,3938,8054506,32,111968,NA,NA,29975984
South,2023-10-15,42,0,8054506,0,111968,NA,NA,29975984
South,2023-10-16,42,0,8054506,0,111968,NA,NA,29975984
South,2023-10-17,42,0,8054506,0,111968,NA,NA,29975984
South,2023-10-18,42,0,8054506,0,111968,NA,NA,29975984
South,2023-10-19,42,0,8054506,0,111968,NA,NA,29975984
South,2023-10-20,42,0,8054506,0,111968,NA,NA,29975984
South,2023-10-21,42,7552,8062058,48,112016,NA,NA,29975984
South,2023-10-22,43,0,8062058,0,112016,NA,NA,29975984
South,2023-10-23,43,0,8062058,0,112016,NA,NA,29975984
South,2023-10-24,43,0,8062058,0,112016,NA,NA,29975984
South,2023-10-25,43,0,8062058,0,112016,NA,NA,29975984
South,2023-10-26,43,0,8062058,0,112016,NA,NA,29975984
South,2023-10-27,43,0,8062058,0,112016,NA,NA,29975984
South,2023-10-28,43,12405,8074463,87,112103,NA,NA,29975984
South,2023-10-29,44,0,8074463,0,112103,NA,NA,29975984
South,2023-10-30,44,0,8074463,0,112103,NA,NA,29975984
South,2023-10-31,44,0,8074463,0,112103,NA,NA,29975984
South,2023-11-01,44,0,8074463,0,112103,NA,NA,29975984
South,2023-11-02,44,0,8074463,0,112103,NA,NA,29975984
South,2023-11-03,44,0,8074463,0,112103,NA,NA,29975984
South,2023-11-04,44,8203,8082666,40,112143,NA,NA,29975984
South,2023-11-05,45,0,8082666,0,112143,NA,NA,29975984
South,2023-11-06,45,0,8082666,0,112143,NA,NA,29975984
South,2023-11-07,45,0,8082666,0,112143,NA,NA,29975984
South,2023-11-08,45,0,8082666,0,112143,NA,NA,29975984
South,2023-11-09,45,0,8082666,0,112143,NA,NA,29975984
South,2023-11-10,45,0,8082666,0,112143,NA,NA,29975984
South,2023-11-11,45,11458,8094124,65,112208,NA,NA,29975984
South,2023-11-12,46,0,8094124,0,112208,NA,NA,29975984
South,2023-11-13,46,0,8094124,0,112208,NA,NA,29975984
South,2023-11-14,46,0,8094124,0,112208,NA,NA,29975984
South,2023-11-15,46,0,8094124,0,112208,NA,NA,29975984
South,2023-11-16,46,0,8094124,0,112208,NA,NA,29975984
South,2023-11-17,46,0,8094124,0,112208,NA,NA,29975984
South,2023-11-18,46,8552,8102676,52,112260,NA,NA,29975984
South,2023-11-19,47,0,8102676,0,112260,NA,NA,29975984
South,2023-11-20,47,0,8102676,0,112260,NA,NA,29975984
South,2023-11-21,47,0,8102676,0,112260,NA,NA,29975984
South,2023-11-22,47,0,8102676,0,112260,NA,NA,29975984
South,2023-11-23,47,0,8102676,0,112260,NA,NA,29975984
South,2023-11-24,47,0,8102676,0,112260,NA,NA,29975984
South,2023-11-25,47,5349,8108025,35,112295,NA,NA,29975984
South,2023-11-26,48,0,8108025,0,112295,NA,NA,29975984
South,2023-11-27,48,0,8108025,0,112295,NA,NA,29975984
South,2023-11-28,48,0,8108025,0,112295,NA,NA,29975984
South,2023-11-29,48,0,8108025,0,112295,NA,NA,29975984
South,2023-11-30,48,0,8108025,0,112295,NA,NA,29975984
South,2023-12-01,48,0,8108025,0,112295,NA,NA,29975984
South,2023-12-02,48,4674,8112699,19,112314,NA,NA,29975984
South,2023-12-03,49,0,8112699,0,112314,NA,NA,29975984
South,2023-12-04,49,0,8112699,0,112314,NA,NA,29975984
South,2023-12-05,49,0,8112699,0,112314,NA,NA,29975984
South,2023-12-06,49,0,8112699,0,112314,NA,NA,29975984
South,2023-12-07,49,0,8112699,0,112314,NA,NA,29975984
South,2023-12-08,49,0,8112699,0,112314,NA,NA,29975984
South,2023-12-09,49,3669,8116368,28,112342,NA,NA,29975984
South,2023-12-10,50,0,8116368,0,112342,NA,NA,29975984
South,2023-12-11,50,0,8116368,0,112342,NA,NA,29975984
South,2023-12-12,50,0,8116368,0,112342,NA,NA,29975984
South,2023-12-13,50,0,8116368,0,112342,NA,NA,29975984
South,2023-12-14,50,0,8116368,0,112342,NA,NA,29975984
South,2023-12-15,50,0,8116368,0,112342,NA,NA,29975984
South,2023-12-16,50,3718,8120086,18,112360,NA,NA,29975984
South,2023-12-17,51,0,8120086,0,112360,NA,NA,29975984
South,2023-12-18,51,0,8120086,0,112360,NA,NA,29975984
South,2023-12-19,51,0,8120086,0,112360,NA,NA,29975984
South,2023-12-20,51,0,8120086,0,112360,NA,NA,29975984
South,2023-12-21,51,0,8120086,0,112360,NA,NA,29975984
South,2023-12-22,51,0,8120086,0,112360,NA,NA,29975984
South,2023-12-23,51,1156,8121242,6,112366,NA,NA,29975984
South,2023-12-24,52,0,8121242,0,112366,NA,NA,29975984
South,2023-12-25,52,0,8121242,0,112366,NA,NA,29975984
South,2023-12-26,52,0,8121242,0,112366,NA,NA,29975984
South,2023-12-27,52,0,8121242,0,112366,NA,NA,29975984
South,2023-12-28,52,0,8121242,0,112366,NA,NA,29975984
South,2023-12-29,52,0,8121242,0,112366,NA,NA,29975984
South,2023-12-30,52,4658,8125900,31,112397,NA,NA,29975984
South,2023-12-31,1,0,8125900,0,112397,NA,NA,29975984
Southeast,2023-07-01,26,5214,14996985,108,338854,NA,NA,88371433
Southeast,2023-07-02,27,0,14996985,0,338854,NA,NA,88371433
Southeast,2023-07-03,27,0,14996985,0,338854,NA,NA,88371433
Southeast,2023-07-04,27,0,14996985,0,338854,NA,NA,88371433
Southeast,2023-07-05,27,0,14996985,0,338854,NA,NA,88371433
Southeast,2023-07-06,27,0,14996985,0,338854,NA,NA,88371433
Southeast,2023-07-07,27,0,14996985,0,338854,NA,NA,88371433
Southeast,2023-07-08,27,4474,15001459,74,338928,NA,NA,88371433
Southeast,2023-07-09,28,0,15001459,0,338928,NA,NA,88371433
Southeast,2023-07-10,28,0,15001459,0,338928,NA,NA,88371433
Southeast,2023-07-11,28,0,15001459,0,338928,NA,NA,88371433
Southeast,2023-07-12,28,0,15001459,0,338928,NA,NA,88371433
Southeast,2023-07-13,28,0,15001459,0,338928,NA,NA,88371433
Southeast,2023-07-14,28,0,15001459,0,338928,NA,NA,88371433
Southeast,2023-07-15,28,4990,15006449,62,338990,NA,NA,88371433
Southeast,2023-07-16,29,0,15006449,0,338990,NA,NA,88371433
Southeast,2023-07-17,29,0,15006449,0,338990,NA,NA,88371433
Southeast,2023-07-18,29,0,15006449,0,338990,NA,NA,88371433
Southeast,2023-07-19,29,0,15006449,0,338990,NA,NA,88371433
Southeast,2023-07-20,29,0,15006449,0,338990,NA,NA,88371433
Southeast,2023-07-21,29,0,15006449,0,338990,NA,NA,88371433
Southeast,2023-07-22,29,5164,15011613,87,339077,NA,NA,88371433
Southeast,2023-07-23,30,0,15011613,0,339077,NA,NA,88371433
Southeast,2023-07-24,30,0,15011613,0,339077,NA,NA,88371433
Southeast,2023-07-25,30,0,15011613,0,339077,NA,NA,88371433
Southeast,2023-07-26,30,0,15011613,0,339077,NA,NA,88371433
Southeast,2023-07-27,30,0,15011613,0,339077,NA,NA,88371433
Southeast,2023-07-28,30,0,15011613,0,339077,NA,NA,88371433
Southeast,2023-07-29,30,4509,15016122,62,339139,NA,NA,88371433
Southeast,2023-07-30,31,0,15016122,0,339139,NA,NA,88371433
Southeast,2023-07-31,31,0,15016122,0,339139,NA,NA,88371433
Southeast,2023-08-01,31,0,15016122,0,339139,NA,NA,88371433
Southeast,2023-08-02,31,0,15016122,0,339139,NA,NA,88371433
Southeast,2023-08-03,31,0,15016122,0,339139,NA,NA,88371433
Southeast,2023-08-04,31,0,15016122,0,339139,NA,NA,88371433
Southeast,2023-08-05,31,5557,15021679,53,339192,NA,NA,88371433
Southeast,2023-08-06,32,0,15021679,0,339192,NA,NA,88371433
Southeast,2023-08-07,32,0,15021679,0,339192,NA,NA,88371433
Southeast,2023-08-08,32,0,15021679,0,339192,NA,NA,88371433
Southeast,2023-08-09,32,0,15021679,0,339192,NA,NA,88371433
Southeast,2023-08-10,32,0,15021679,0,339192,NA,NA,88371433
Southeast,2023-08-11,32,0,15021679,0,339192,NA,NA,88371433
Southeast,2023-08-12,32,7412,15029091,71,339263,NA,NA,88371433
Southeast,2023-08-13,33,0,15029091,0,339263,NA,NA,88371433
Southeast,2023-08-14,33,0,15029091,0,339263,NA,NA,88371433
Southeast,2023-08-15,33,0,15029091,0,339263,NA,NA,88371433
Southeast,2023-08-16,33,0,15029091,0,339263,NA,NA,88371433
Southeast,2023-08-17,33,0,15029091,0,339263,NA,NA,88371433
Southeast,2023-08-18,33,0,15029091,0,339263,NA,NA,88371433
Southeast,2023-08-19,33,4686,15033777,26,339289,NA,NA,88371433
Southeast,2023-08-20,34,0,15033777,0,339289,NA,NA,88371433
Southeast,2023-08-21,34,0,15033777,0,339289,NA,NA,88371433
Southeast,2023-08-22,34,0,15033777,0,339289,NA,NA,88371433
Southeast,2023-08-23,34,0,15033777,0,339289,NA,NA,88371433
Southeast,2023-08-24,34,0,15033777,0,339289,NA,NA,88371433
Southeast,2023-08-25,34,0,15033777,0,339289,NA,NA,88371433
Southeast,2023-08-26,34,5787,15039564,29,339318,NA,NA,88371433
Southeast,2023-08-27,35,0,15039564,0,339318,NA,NA,88371433
Southeast,2023-08-28,35,0,15039564,0,339318,NA,NA,88371433
Southeast,2023-08-29,35,0,15039564,0,339318,NA,NA,88371433
Southeast,2023-08-30,35,0,15039564,0,339318,NA,NA,88371433
Southeast,2023-08-31,35,0,15039564,0,339318,NA,NA,88371433
Southeast,2023-09-01,35,0,15039564,0,339318,NA,NA,88371433
Southeast,2023-09-02,35,6477,15046041,29,339347,NA,NA,88371433
Southeast,2023-09-03,36,0,15046041,0,339347,NA,NA,88371433
Southeast,2023-09-04,36,0,15046041,0,339347,NA,NA,88371433
Southeast,2023-09-05,36,0,15046041,0,339347,NA,NA,88371433
Southeast,2023-09-06,36,0,15046041,0,339347,NA,NA,88371433
Southeast,2023-09-07,36,0,15046041,0,339347,NA,NA,88371433
Southeast,2023-09-08,36,0,15046041,0,339347,NA,NA,88371433
Southeast,2023-09-09,36,2475,15048516,48,339395,NA,NA,88371433
Southeast,2023-09-10,37,0,15048516,0,339395,NA,NA,88371433
Southeast,2023-09-11,37,0,15048516,0,339395,NA,NA,88371433
Southeast,2023-09-12,37,0,15048516,0,339395,NA,NA,88371433
Southeast,2023-09-13,37,0,15048516,0,339395,NA,NA,88371433
Southeast,2023-09-14,37,0,15048516,0,339395,NA,NA,88371433
Southeast,2023-09-15,37,0,15048516,0,339395,NA,NA,88371433
Southeast,2023-09-16,37,-21423,15027093,109,339504,NA,NA,88371433
Southeast,2023-09-17,38,0,15027093,0,339504,NA,NA,88371433
Southeast,2023-09-18,38,0,15027093,0,339504,NA,NA,88371433
Southeast,2023-09-19,38,0,15027093,0,339504,NA,NA,88371433
Southeast,2023-09-20,38,0,15027093,0,339504,NA,NA,88371433
Southeast,2023-09-21,38,0,15027093,0,339504,NA,NA,88371433
Southeast,2023-09-22,38,0,15027093,0,339504,NA,NA,88371433
Southeast,2023-09-23,38,12302,15039395,72,339576,NA,NA,88371433
Southeast,2023-09-24,39,0,15039395,0,339576,NA,NA,88371433
Southeast,2023-09-25,39,0,15039395,0,339576,NA,NA,88371433
Southeast,2023-09-26,39,0,15039395,0,339576,NA,NA,88371433
Southeast,2023-09-27,39,0,15039395,0,339576,NA,NA,88371433
Southeast,2023-09-28,39,0,15039395,0,339576,NA,NA,88371433
Southeast,2023-09-29,39,0,15039395,0,339576,NA,NA,88371433
Southeast,2023-09-30,39,19132,15058527,92,339668,NA,NA,88371433
Southeast,2023-10-01,40,0,15058527,0,339668,NA,NA,88371433
Southeast,2023-10-02,40,0,15058527,0,339668,NA,NA,88371433
Southeast,2023-10-03,40,0,15058527,0,339668,NA,NA,88371433
Southeast,2023-10-04,40,0,15058527,0,339668,NA,NA,88371433
Southeast,2023-10-05,40,0,15058527,0,339668,NA,NA,88371433
Southeast,2023-10-06,40,0,15058527,0,339668,NA,NA,88371433
Southeast,2023-10-07,40,15679,15074206,131,339799,NA,NA,88371433
Southeast,2023-10-08,41,0,15074206,0,339799,NA,NA,88371433
Southeast,2023-10-09,41,0,15074206,0,339799,NA,NA,88371433
Southeast,2023-10-10,41,0,15074206,0,339799,NA,NA,88371433
Southeast,2023-10-11,41,0,15074206,0,339799,NA,NA,88371433
Southeast,2023-10-12,41,0,15074206,0,339799,NA,NA,88371433
Southeast,2023-10-13,41,0,15074206,0,339799,NA,NA,88371433
Southeast,2023-10-14,41,12243,15086449,62,339861,NA,NA,88371433
Southeast,2023-10-15,42,0,15086449,0,339861,NA,NA,88371433
Southeast,2023-10-16,42,0,15086449,0,339861,NA,NA,88371433
Southeast,2023-10-17,42,0,15086449,0,339861,NA,NA,88371433
Southeast,2023-10-18,42,0,15086449,0,339861,NA,NA,88371433
Southeast,2023-10-19,42,0,15086449,0,339861,NA,NA,88371433
Southeast,2023-10-20,42,0,15086449,0,339861,NA,NA,88371433
Southeast,2023-10-21,42,20870,15107319,146,340007,NA,NA,88371433
Southeast,2023-10-22,43,0,15107319,0,340007,NA,NA,88371433
Southeast,2023-10-23,43,0,15107319,0,340007,NA,NA,88371433
Southeast,2023-10-24,43,0,15107319,0,340007,NA,NA,88371433
Southeast,2023-10-25,43,0,15107319,0,340007,NA,NA,88371433
Southeast,2023-10-26,43,0,15107319,0,340007,NA,NA,88371433
Southeast,2023-10-27,43,0,15107319,0,340007,NA,NA,88371433
Southeast,2023-10-28,43,27801,15135120,165,340172,NA,NA,88371433
Southeast,2023-10-29,44,0,15135120,0,340172,NA,NA,88371433
Southeast,2023-10-30,44,0,15135120,0,340172,NA,NA,88371433
Southeast,2023-10-31,44,0,15135120,0,340172,NA,NA,88371433
Southeast,2023-11-01,44,0,15135120,0,340172,NA,NA,88371433
Southeast,2023-11-02,44,0,15135120,0,340172,NA,NA,88371433
Southeast,2023-11-03,44,0,15135120,0,340172,NA,NA,88371433
Southeast,2023-11-04,44,16621,15151741,102,340274,NA,NA,88371433
Southeast,2023-11-05,45,0,15151741,0,340274,NA,NA,88371433
Southeast,2023-11-06,45,0,15151741,0,340274,NA,NA,88371433
Southeast,2023-11-07,45,0,15151741,0,340274,NA,NA,88371433
Southeast,2023-11-08,45,0,15151741,0,340274,NA,NA,88371433
Southeast,2023-11-09,45,0,15151741,0,340274,NA,NA,88371433
Southeast,2023-11-10,45,0,15151741,0,340274,NA,NA,88371433
Southeast,2023-11-11,45,25156,15176897,205,340479,NA,NA,88371433
Southeast,2023-11-12,46,0,15176897,0,340479,NA,NA,88371433
Southeast,2023-11-13,46,0,15176897,0,340479,NA,NA,88371433
Southeast,2023-11-14,46,0,15176897,0,340479,NA,NA,88371433
Southeast,2023-11-15,46,0,15176897,0,340479,NA,NA,88371433
Southeast,2023-11-16,46,0,15176897,0,340479,NA,NA,88371433
Southeast,2023-11-17,46,0,15176897,0,340479,NA,NA,88371433
Southeast,2023-11-18,46,12439,15189336,102,340581,NA,NA,88371433
Southeast,2023-11-19,47,0,15189336,0,340581,NA,NA,88371433
Southeast,2023-11-20,47,0,15189336,0,340581,NA,NA,88371433
Southeast,2023-11-21,47,0,15189336,0,340581,NA,NA,88371433
Southeast,2023-11-22,47,0,15189336,0,340581,NA,NA,88371433
Southeast,2023-11-23,47,0,15189336,0,340581,NA,NA,88371433
Southeast,2023-11-24,47,0,15189336,0,340581,NA,NA,88371433
Southeast,2023-11-25,47,16308,15205644,236,340817,NA,NA,88371433
Southeast,2023-11-26,48,0,15205644,0,340817,NA,NA,88371433
Southeast,2023-11-27,48,0,15205644,0,340817,NA,NA,88371433
Southeast,2023-11-28,48,0,15205644,0,340817,NA,NA,88371433
Southeast,2023-11-29,48,0,15205644,0,340817,NA,NA,88371433
Southeast,2023-11-30,48,0,15205644,0,340817,NA,NA,88371433
Southeast,2023-12-01,48,0,15205644,0,340817,NA,NA,88371433
Southeast,2023-12-02,48,15754,15221398,150,340967,NA,NA,88371433
Southeast,2023-12-03,49,0,15221398,0,340967,NA,NA,88371433
Southeast,2023-12-04,49,0,15221398,0,340967,NA,NA,88371433
Southeast,2023-12-05,49,0,15221398,0,340967,NA,NA,88371433
Southeast,2023-12-06,49,0,15221398,0,340967,NA,NA,88371433
Southeast,2023-12-07,49,0,15221398,0,340967,NA,NA,88371433
Southeast,2023-12-08,49,0,15221398,0,340967,NA,NA,88371433
Southeast,2023-12-09,49,10684,15232082,131,341098,NA,NA,88371433
Southeast,2023-12-10,50,0,15232082,0,341098,NA,NA,88371433
Southeast,2023-12-11,50,0,15232082,0,341098,NA,NA,88371433
Southeast,2023-12-12,50,0,15232082,0,341098,NA,NA,88371433
Southeast,2023-12-13,50,0,15232082,0,341098,NA,NA,88371433
Southeast,2023-12-14,50,0,15232082,0,341098,NA,NA,88371433
Southeast,2023-12-15,50,0,15232082,0,341098,NA,NA,88371433
Southeast,2023-12-16,50,8761,15240843,62,341160,NA,NA,88371433
Southeast,2023-12-17,51,0,15240843,0,341160,NA,NA,88371433
Southeast,2023-12-18,51,0,15240843,0,341160,NA,NA,88371433
Southeast,2023-12-19,51,0,15240843,0,341160,NA,NA,88371433
Southeast,2023-12-20,51,0,15240843,0,341160,NA,NA,88371433
Southeast,2023-12-21,51,0,15240843,0,341160,NA,NA,88371433
Southeast,2023-12-22,51,0,15240843,0,341160,NA,NA,88371433
Southeast,2023-12-23,51,3488,15244331,37,341197,NA,NA,88371433
Southeast,2023-12-24,52,0,15244331,0,341197,NA,NA,88371433
Southeast,2023-12-25,52,0,15244331,0,341197,NA,NA,88371433
Southeast,2023-12-26,52,0,15244331,0,341197,NA,NA,88371433
Southeast,2023-12-27,52,0,15244331,0,341197,NA,NA,88371433
Southeast,2023-12-28,52,0,15244331,0,341197,NA,NA,88371433
Southeast,2023-12-29,52,0,15244331,0,341197,NA,NA,88371433
Southeast,2023-12-30,52,9157,15253488,72,341269,NA,NA,88371433
Southeast,2023-12-31,1,0,15253488,0,341269,NA,NA,88371433
Midwest,2024-01-01,1,0,4422046,0,66720,NA,NA,16297074
Midwest,2024-01-02,1,0,4422046,0,66720,NA,NA,16297074
Midwest,2024-01-03,1,0,4422046,0,66720,NA,NA,16297074
Midwest,2024-01-04,1,0,4422046,0,66720,NA,NA,16297074
Midwest,2024-01-05,1,0,4422046,0,66720,NA,NA,16297074
Midwest,2024-01-06,1,961,4423007,13,66733,NA,NA,16297074
Midwest,2024-01-07,2,0,4423007,0,66733,NA,NA,16297074
Midwest,2024-01-08,2,0,4423007,0,66733,NA,NA,16297074
Midwest,2024-01-09,2,0,4423007,0,66733,NA,NA,16297074
Midwest,2024-01-10,2,0,4423007,0,66733,NA,NA,16297074
Midwest,2024-01-11,2,0,4423007,0,66733,NA,NA,16297074
Midwest,2024-01-12,2,0,4423007,0,66733,NA,NA,16297074
Midwest,2024-01-13,2,-802,4422205,12,66745,NA,NA,16297074
Midwest,2024-01-14,3,0,4422205,0,66745,NA,NA,16297074
Midwest,2024-01-15,3,0,4422205,0,66745,NA,NA,16297074
Midwest,2024-01-16,3,0,4422205,0,66745,NA,NA,16297074
Midwest,2024-01-17,3,0,4422205,0,66745,NA,NA,16297074
Midwest,2024-01-18,3,0,4422205,0,66745,NA,NA,16297074
Midwest,2024-01-19,3,0,4422205,0,66745,NA,NA,16297074
Midwest,2024-01-20,3,10145,4432350,27,66772,NA,NA,16297074
Midwest,2024-01-21,4,0,4432350,0,66772,NA,NA,16297074
Midwest,2024-01-22,4,0,4432350,0,66772,NA,NA,16297074
Midwest,2024-01-23,4,0,4432350,0,66772,NA,NA,16297074
Midwest,2024-01-24,4,0,4432350,0,66772,NA,NA,16297074
Midwest,2024-01-25,4,0,4432350,0,66772,NA,NA,16297074
Midwest,2024-01-26,4,0,4432350,0,66772,NA,NA,16297074
Midwest,2024-01-27,4,4760,4437110,22,66794,NA,NA,16297074
Midwest,2024-01-28,5,0,4437110,0,66794,NA,NA,16297074
Midwest,2024-01-29,5,0,4437110,0,66794,NA,NA,16297074
Midwest,2024-01-30,5,0,4437110,0,66794,NA,NA,16297074
Midwest,2024-01-31,5,0,4437110,0,66794,NA,NA,16297074
Midwest,2024-02-01,5,0,4437110,0,66794,NA,NA,16297074
Midwest,2024-02-02,5,0,4437110,0,66794,NA,NA,16297074
Midwest,2024-02-03,5,8878,4445988,24,66818,NA,NA,16297074
Midwest,2024-02-04,6,0,4445988,0,66818,NA,NA,16297074
Midwest,2024-02-05,6,0,4445988,0,66818,NA,NA,16297074
Midwest,2024-02-06,6,0,4445988,0,66818,NA,NA,16297074
Midwest,2024-02-07,6,0,4445988,0,66818,NA,NA,16297074
Midwest,2024-02-08,6,0,4445988,0,66818,NA,NA,16297074
Midwest,2024-02-09,6,0,4445988,0,66818,NA,NA,16297074
Midwest,2024-02-10,6,12772,4458760,16,66834,NA,NA,16297074
Midwest,2024-02-11,7,0,4458760,0,66834,NA,NA,16297074
Midwest,2024-02-12,7,0,4458760,0,66834,NA,NA,16297074
Midwest,2024-02-13,7,0,4458760,0,66834,NA,NA,16297074
Midwest,2024-02-14,7,0,4458760,0,66834,NA,NA,16297074
Midwest,2024-02-15,7,0,4458760,0,66834,NA,NA,16297074
Midwest,2024-02-16,7,0,4458760,0,66834,NA,NA,16297074
Midwest,2024-02-17,7,10823,4469583,26,66860,NA,NA,16297074
Midwest,2024-02-18,8,0,4469583,0,66860,NA,NA,16297074
Midwest,2024-02-19,8,0,4469583,0,66860,NA,NA,16297074
Midwest,2024-02-20,8,0,4469583,0,66860,NA,NA,16297074
Midwest,2024-02-21,8,0,4469583,0,66860,NA,NA,16297074
Midwest,2024-02-22,8,0,4469583,0,66860,NA,NA,16297074
Midwest,2024-02-23,8,0,4469583,0,66860,NA,NA,16297074
Midwest,2024-02-24,8,13201,4482784,22,66882,NA,NA,16297074
Midwest,2024-02-25,9,0,4482784,0,66882,NA,NA,16297074
Midwest,2024-02-26,9,0,4482784,0,66882,NA,NA,16297074
Midwest,2024-02-27,9,0,4482784,0,66882,NA,NA,16297074
Midwest,2024-02-28,9,0,4482784,0,66882,NA,NA,16297074
Midwest,2024-02-29,9,0,4482784,0,66882,NA,NA,16297074
Midwest,2024-03-01,9,0,4482784,0,66882,NA,NA,16297074
Midwest,2024-03-02,9,19792,4502576,33,66915,NA,NA,16297074
Midwest,2024-03-03,10,0,4502576,0,66915,NA,NA,16297074
Midwest,2024-03-04,10,0,4502576,0,66915,NA,NA,16297074
Midwest,2024-03-05,10,0,4502576,0,66915,NA,NA,16297074
Midwest,2024-03-06,10,0,4502576,0,66915,NA,NA,16297074
Midwest,2024-03-07,10,0,4502576,0,66915,NA,NA,16297074
Midwest,2024-03-08,10,0,4502576,0,66915,NA,NA,16297074
Midwest,2024-03-09,10,9445,4512021,30,66945,NA,NA,16297074
Midwest,2024-03-10,11,0,4512021,0,66945,NA,NA,16297074
Midwest,2024-03-11,11,0,4512021,0,66945,NA,NA,16297074
Midwest,2024-03-12,11,0,4512021,0,66945,NA,NA,16297074
Midwest,2024-03-13,11,0,4512021,0,66945,NA,NA,16297074
Midwest,2024-03-14,11,0,4512021,0,66945,NA,NA,16297074
Midwest,2024-03-15,11,0,4512021,0,66945,NA,NA,16297074
Midwest,2024-03-16,11,5958,4517979,31,66976,NA,NA,16297074
Midwest,2024-03-17,12,0,4517979,0,66976,NA,NA,16297074
Midwest,2024-03-18,12,0,4517979,0,66976,NA,NA,16297074
Midwest,2024-03-19,12,0,4517979,0,66976,NA,NA,16297074
Midwest,2024-03-20,12,0,4517979,0,66976,NA,NA,16297074
Midwest,2024-03-21,12,0,4517979,0,66976,NA,NA,16297074
Midwest,2024-03-22,12,0,4517979,0,66976,NA,NA,16297074
Midwest,2024-03-23,12,3726,4521705,25,67001,NA,NA,16297074
Midwest,2024-03-24,13,0,4521705,0,67001,NA,NA,16297074
Midwest,2024-03-25,13,0,4521705,0,67001,NA,NA,16297074
Midwest,2024-03-26,13,0,4521705,0,67001,NA,NA,16297074
Midwest,2024-03-27,13,0,4521705,0,67001,NA,NA,16297074
Midwest,2024-03-28,13,0,4521705,0,67001,NA,NA,16297074
Midwest,2024-03-29,13,0,4521705,0,67001,NA,NA,16297074
Midwest,2024-03-30,13,2107,4523812,12,67013,NA,NA,16297074
Midwest,2024-03-31,14,0,4523812,0,67013,NA,NA,16297074
Midwest,2024-04-01,14,0,4523812,0,67013,NA,NA,16297074
Midwest,2024-04-02,14,0,4523812,0,67013,NA,NA,16297074
Midwest,2024-04-03,14,0,4523812,0,67013,NA,NA,16297074
Midwest,2024-04-04,14,0,4523812,0,67013,NA,NA,16297074
Midwest,2024-04-05,14,0,4523812,0,67013,NA,NA,16297074
Midwest,2024-04-06,14,1801,4525613,7,67020,NA,NA,16297074
Midwest,2024-04-07,15,0,4525613,0,67020,NA,NA,16297074
Midwest,2024-04-08,15,0,4525613,0,67020,NA,NA,16297074
Midwest,2024-04-09,15,0,4525613,0,67020,NA,NA,16297074
Midwest,2024-04-10,15,0,4525613,0,67020,NA,NA,16297074
Midwest,2024-04-11,15,0,4525613,0,67020,NA,NA,16297074
Midwest,2024-04-12,15,0,4525613,0,67020,NA,NA,16297074
Midwest,2024-04-13,15,3560,4529173,5,67025,NA,NA,16297074
Midwest,2024-04-14,16,0,4529173,0,67025,NA,NA,16297074
Midwest,2024-04-15,16,0,4529173,0,67025,NA,NA,16297074
Midwest,2024-04-16,16,0,4529173,0,67025,NA,NA,16297074
Midwest,2024-04-17,16,0,4529173,0,67025,NA,NA,16297074
Midwest,2024-04-18,16,0,4529173,0,67025,NA,NA,16297074
Midwest,2024-04-19,16,0,4529173,0,67025,NA,NA,16297074
Midwest,2024-04-20,16,1294,4530467,10,67035,NA,NA,16297074
Midwest,2024-04-21,17,0,4530467,0,67035,NA,NA,16297074
Midwest,2024-04-22,17,0,4530467,0,67035,NA,NA,16297074
Midwest,2024-04-23,17,0,4530467,0,67035,NA,NA,16297074
Midwest,2024-04-24,17,0,4530467,0,67035,NA,NA,16297074
Midwest,2024-04-25,17,0,4530467,0,67035,NA,NA,16297074
Midwest,2024-04-26,17,0,4530467,0,67035,NA,NA,16297074
Midwest,2024-04-27,17,753,4531220,5,67040,NA,NA,16297074
Midwest,2024-04-28,18,0,4531220,0,67040,NA,NA,16297074
Midwest,2024-04-29,18,0,4531220,0,67040,NA,NA,16297074
Midwest,2024-04-30,18,0,4531220,0,67040,NA,NA,16297074
Midwest,2024-05-01,18,0,4531220,0,67040,NA,NA,16297074
Midwest,2024-05-02,18,0,4531220,0,67040,NA,NA,16297074
Midwest,2024-05-03,18,0,4531220,0,67040,NA,NA,16297074
Midwest,2024-05-04,18,558,4531778,6,67046,NA,NA,16297074
Midwest,2024-05-05,19,0,4531778,0,67046,NA,NA,16297074
Midwest,2024-05-06,19,0,4531778,0,67046,NA,NA,16297074
Midwest,2024-05-07,19,0,4531778,0,67046,NA,NA,16297074
Midwest,2024-05-08,19,0,4531778,0,67046,NA,NA,16297074
Midwest,2024-05-09,19,0,4531778,0,67046,NA,NA,16297074
Midwest,2024-05-10,19,0,4531778,0,67046,NA,NA,16297074
Midwest,2024-05-11,19,701,4532479,6,67052,NA,NA,16297074
Midwest,2024-05-12,20,0,4532479,0,67052,NA,NA,16297074
Midwest,2024-05-13,20,0,4532479,0,67052,NA,NA,16297074
Midwest,2024-05-14,20,0,4532479,0,67052,NA,NA,16297074
Midwest,2024-05-15,20,0,4532479,0,67052,NA,NA,16297074
Midwest,2024-05-16,20,0,4532479,0,67052,NA,NA,16297074
Midwest,2024-05-17,20,0,4532479,0,67052,NA,NA,16297074
Midwest,2024-05-18,20,971,4533450,5,67057,NA,NA,16297074
Midwest,2024-05-19,21,0,4533450,0,67057,NA,NA,16297074
Midwest,2024-05-20,21,0,4533450,0,67057,NA,NA,16297074
Midwest,2024-05-21,21,0,4533450,0,67057,NA,NA,16297074
Midwest,2024-05-22,21,0,4533450,0,67057,NA,NA,16297074
Midwest,2024-05-23,21,0,4533450,0,67057,NA,NA,16297074
Midwest,2024-05-24,21,0,4533450,0,67057,NA,NA,16297074
Midwest,2024-05-25,21,594,4534044,3,67060,NA,NA,16297074
Midwest,2024-05-26,22,0,4534044,0,67060,NA,NA,16297074
Midwest,2024-05-27,22,0,4534044,0,67060,NA,NA,16297074
Midwest,2024-05-28,22,0,4534044,0,67060,NA,NA,16297074
Midwest,2024-05-29,22,0,4534044,0,67060,NA,NA,16297074
Midwest,2024-05-30,22,0,4534044,0,67060,NA,NA,16297074
Midwest,2024-05-31,22,0,4534044,0,67060,NA,NA,16297074
Midwest,2024-06-01,22,283,4534327,0,67060,NA,NA,16297074
Midwest,2024-06-02,23,0,4534327,0,67060,NA,NA,16297074
Midwest,2024-06-03,23,0,4534327,0,67060,NA,NA,16297074
Midwest,2024-06-04,23,0,4534327,0,67060,NA,NA,16297074
Midwest,2024-06-05,23,0,4534327,0,67060,NA,NA,16297074
Midwest,2024-06-06,23,0,4534327,0,67060,NA,NA,16297074
Midwest,2024-06-07,23,0,4534327,0,67060,NA,NA,16297074
Midwest,2024-06-08,23,136,4534463,1,67061,NA,NA,16297074
Midwest,2024-06-09,24,0,4534463,0,67061,NA,NA,16297074
Midwest,2024-06-10,24,0,4534463,0,67061,NA,NA,16297074
Midwest,2024-06-11,24,0,4534463,0,67061,NA,NA,16297074
Midwest,2024-06-12,24,0,4534463,0,67061,NA,NA,16297074
Midwest,2024-06-13,24,0,4534463,0,67061,NA,NA,16297074
Midwest,2024-06-14,24,0,4534463,0,67061,NA,NA,16297074
Midwest,2024-06-15,24,119,4534582,1,67062,NA,NA,16297074
Midwest,2024-06-16,25,0,4534582,0,67062,NA,NA,16297074
Midwest,2024-06-17,25,0,4534582,0,67062,NA,NA,16297074
Midwest,2024-06-18,25,0,4534582,0,67062,NA,NA,16297074
Midwest,2024-06-19,25,0,4534582,0,67062,NA,NA,16297074
Midwest,2024-06-20,25,0,4534582,0,67062,NA,NA,16297074
Midwest,2024-06-21,25,0,4534582,0,67062,NA,NA,16297074
Midwest,2024-06-22,25,1790,4536372,11,67073,NA,NA,16297074
Midwest,2024-06-23,26,0,4536372,0,67073,NA,NA,16297074
Midwest,2024-06-24,26,0,4536372,0,67073,NA,NA,16297074
Midwest,2024-06-25,26,0,4536372,0,67073,NA,NA,16297074
Midwest,2024-06-26,26,0,4536372,0,67073,NA,NA,16297074
Midwest,2024-06-27,26,0,4536372,0,67073,NA,NA,16297074
Midwest,2024-06-28,26,0,4536372,0,67073,NA,NA,16297074
Midwest,2024-06-29,26,557,4536929,2,67075,NA,NA,16297074
Midwest,2024-06-30,27,0,4536929,0,67075,NA,NA,16297074
North,2024-01-01,1,0,2927135,0,51825,NA,NA,18430980
North,2024-01-02,1,0,2927135,0,51825,NA,NA,18430980
North,2024-01-03,1,0,2927135,0,51825,NA,NA,18430980
North,2024-01-04,1,0,2927135,0,51825,NA,NA,18430980
North,2024-01-05,1,0,2927135,0,51825,NA,NA,18430980
North,2024-01-06,1,3237,2930372,31,51856,NA,NA,18430980
North,2024-01-07,2,0,2930372,0,51856,NA,NA,18430980
North,2024-01-08,2,0,2930372,0,51856,NA,NA,18430980
North,2024-01-09,2,0,2930372,0,51856,NA,NA,18430980
North,2024-01-10,2,0,2930372,0,51856,NA,NA,18430980
North,2024-01-11,2,0,2930372,0,51856,NA,NA,18430980
North,2024-01-12,2,0,2930372,0,51856,NA,NA,18430980
North,2024-01-13,2,4673,2935045,10,51866,NA,NA,18430980
North,2024-01-14,3,0,2935045,0,51866,NA,NA,18430980
North,2024-01-15,3,0,2935045,0,51866,NA,NA,18430980
North,2024-01-16,3,0,2935045,0,51866,NA,NA,18430980
North,2024-01-17,3,0,2935045,0,51866,NA,NA,18430980
North,2024-01-18,3,0,2935045,0,51866,NA,NA,18430980
North,2024-01-19,3,0,2935045,0,51866,NA,NA,18430980
North,2024-01-20,3,6082,2941127,20,51886,NA,NA,18430980
North,2024-01-21,4,0,2941127,0,51886,NA,NA,18430980
North,2024-01-22,4,0,2941127,0,51886,NA,NA,18430980
North,2024-01-23,4,0,2941127,0,51886,NA,NA,18430980
North,2024-01-24,4,0,2941127,0,51886,NA,NA,18430980
North,2024-01-25,4,0,2941127,0,51886,NA,NA,18430980
North,2024-01-26,4,0,2941127,0,51886,NA,NA,18430980
North,2024-01-27,4,8757,2949884,20,51906,NA,NA,18430980
North,2024-01-28,5,0,2949884,0,51906,NA,NA,18430980
North,2024-01-29,5,0,2949884,0,51906,NA,NA,18430980
North,2024-01-30,5,0,2949884,0,51906,NA,NA,18430980
North,2024-01-31,5,0,2949884,0,51906,NA,NA,18430980
North,2024-02-01,5,0,2949884,0,51906,NA,NA,18430980
North,2024-02-02,5,0,2949884,0,51906,NA,NA,18430980
North,2024-02-03,5,5289,2955173,19,51925,NA,NA,18430980
North,2024-02-04,6,0,2955173,0,51925,NA,NA,18430980
North,2024-02-05,6,0,2955173,0,51925,NA,NA,18430980
North,2024-02-06,6,0,2955173,0,51925,NA,NA,18430980
North,2024-02-07,6,0,2955173,0,51925,NA,NA,18430980
North,2024-02-08,6,0,2955173,0,51925,NA,NA,18430980
North,2024-02-09,6,0,2955173,0,51925,NA,NA,18430980
North,2024-02-10,6,3889,2959062,13,51938,NA,NA,18430980
North,2024-02-11,7,0,2959062,0,51938,NA,NA,18430980
North,2024-02-12,7,0,2959062,0,51938,NA,NA,18430980
North,2024-02-13,7,0,2959062,0,51938,NA,NA,18430980
North,2024-02-14,7,0,2959062,0,51938,NA,NA,18430980
North,2024-02-15,7,0,2959062,0,51938,NA,NA,18430980
North,2024-02-16,7,0,2959062,0,51938,NA,NA,18430980
North,2024-02-17,7,3098,2962160,6,51944,NA,NA,18430980
North,2024-02-18,8,0,2962160,0,51944,NA,NA,18430980
North,2024-02-19,8,0,2962160,0,51944,NA,NA,18430980
North,2024-02-20,8,0,2962160,0,51944,NA,NA,18430980
North,2024-02-21,8,0,2962160,0,51944,NA,NA,18430980
North,2024-02-22,8,0,2962160,0,51944,NA,NA,18430980
North,2024-02-23,8,0,2962160,0,51944,NA,NA,18430980
North,2024-02-24,8,5011,2967171,9,51953,NA,NA,18430980
North,2024-02-25,9,0,2967171,0,51953,NA,NA,18430980
North,2024-02-26,9,0,2967171,0,51953,NA,NA,18430980
North,2024-02-27,9,0,2967171,0,51953,NA,NA,18430980
North,2024-02-28,9,0,2967171,0,51953,NA,NA,18430980
North,2024-02-29,9,0,2967171,0,51953,NA,NA,18430980
North,2024-03-01,9,0,2967171,0,51953,NA,NA,18430980
North,2024-03-02,9,1774,2968945,11,51964,NA,NA,18430980
North,2024-03-03,10,0,2968945,0,51964,NA,NA,18430980
North,2024-03-04,10,0,2968945,0,51964,NA,NA,18430980
North,2024-03-05,10,0,2968945,0,51964,NA,NA,18430980
North,2024-03-06,10,0,2968945,0,51964,NA,NA,18430980
North,2024-03-07,10,0,2968945,0,51964,NA,NA,18430980
North,2024-03-08,10,0,2968945,0,51964,NA,NA,18430980
North,2024-03-09,10,3449,2972394,15,51979,NA,NA,18430980
North,2024-03-10,11,0,2972394,0,51979,NA,NA,18430980
North,2024-03-11,11,0,2972394,0,51979,NA,NA,18430980
North,2024-03-12,11,0,2972394,0,51979,NA,NA,18430980
North,2024-03-13,11,0,2972394,0,51979,NA,NA,18430980
North,2024-03-14,11,0,2972394,0,51979,NA,NA,18430980
North,2024-03-15,11,0,2972394,0,51979,NA,NA,18430980
North,2024-03-16,11,1071,2973465,6,51985,NA,NA,18430980
North,2024-03-17,12,0,2973465,0,51985,NA,NA,18430980
North,2024-03-18,12,0,2973465,0,51985,NA,NA,18430980
North,2024-03-19,12,0,2973465,0,51985,NA,NA,18430980
North,2024-03-20,12,0,2973465,0,51985,NA,NA,18430980
North,2024-03-21,12,0,2973465,0,51985,NA,NA,18430980
North,2024-03-22,12,0,2973465,0,51985,NA,NA,18430980
North,2024-03-23,12,924,2974389,9,51994,NA,NA,18430980
North,2024-03-24,13,0,2974389,0,51994,NA,NA,18430980
North,2024-03-25,13,0,2974389,0,51994,NA,NA,18430980
North,2024-03-26,13,0,2974389,0,51994,NA,NA,18430980
North,2024-03-27,13,0,2974389,0,51994,NA,NA,18430980
North,2024-03-28,13,0,2974389,0,51994,NA,NA,18430980
North,2024-03-29,13,0,2974389,0,51994,NA,NA,18430980
North,2024-03-30,13,265,2974654,5,51999,NA,NA,18430980
North,2024-03-31,14,0,2974654,0,51999,NA,NA,18430980
North,2024-04-01,14,0,2974654,0,51999,NA,NA,18430980
North,2024-04-02,14,0,2974654,0,51999,NA,NA,18430980
North,2024-04-03,14,0,2974654,0,51999,NA,NA,18430980
North,2024-04-04,14,0,2974654,0,51999,NA,NA,18430980
North,2024-04-05,14,0,2974654,0,51999,NA,NA,18430980
North,2024-04-06,14,332,2974986,4,52003,NA,NA,18430980
North,2024-04-07,15,0,2974986,0,52003,NA,NA,18430980
North,2024-04-08,15,0,2974986,0,52003,NA,NA,18430980
North,2024-04-09,15,0,2974986,0,52003,NA,NA,18430980
North,2024-04-10,15,0,2974986,0,52003,NA,NA,18430980
North,2024-04-11,15,0,2974986,0,52003,NA,NA,18430980
North,2024-04-12,15,0,2974986,0,52003,NA,NA,18430980
North,2024-04-13,15,770,2975756,1,52004,NA,NA,18430980
North,2024-04-14,16,0,2975756,0,52004,NA,NA,18430980
North,2024-04-15,16,0,2975756,0,52004,NA,NA,18430980
North,2024-04-16,16,0,2975756,0,52004,NA,NA,18430980
North,2024-04-17,16,0,2975756,0,52004,NA,NA,18430980
North,2024-04-18,16,0,2975756,0,52004,NA,NA,18430980
North,2024-04-19,16,0,2975756,0,52004,NA,NA,18430980
North,2024-04-20,16,626,2976382,3,52007,NA,NA,18430980
North,2024-04-21,17,0,2976382,0,52007,NA,NA,18430980
North,2024-04-22,17,0,2976382,0,52007,NA,NA,18430980
North,2024-04-23,17,0,2976382,0,52007,NA,NA,18430980
North,2024-04-24,17,0,2976382,0,52007,NA,NA,18430980
North,2024-04-25,17,0,2976382,0,52007,NA,NA,18430980
North,2024-04-26,17,0,2976382,0,52007,NA,NA,18430980
North,2024-04-27,17,338,2976720,6,52013,NA,NA,18430980
North,2024-04-28,18,0,2976720,0,52013,NA,NA,18430980
North,2024-04-29,18,0,2976720,0,52013,NA,NA,18430980
North,2024-04-30,18,0,2976720,0,52013,NA,NA,18430980
North,2024-05-01,18,0,2976720,0,52013,NA,NA,18430980
North,2024-05-02,18,0,2976720,0,52013,NA,NA,18430980
North,2024-05-03,18,0,2976720,0,52013,NA,NA,18430980
North,2024-05-04,18,157,2976877,2,52015,NA,NA,18430980
North,2024-05-05,19,0,2976877,0,52015,NA,NA,18430980
North,2024-05-06,19,0,2976877,0,52015,NA,NA,18430980
North,2024-05-07,19,0,2976877,0,52015,NA,NA,18430980
North,2024-05-08,19,0,2976877,0,52015,NA,NA,18430980
North,2024-05-09,19,0,2976877,0,52015,NA,NA,18430980
North,2024-05-10,19,0,2976877,0,52015,NA,NA,18430980
North,2024-05-11,19,194,2977071,2,52017,NA,NA,18430980
North,2024-05-12,20,0,2977071,0,52017,NA,NA,18430980
North,2024-05-13,20,0,2977071,0,52017,NA,NA,18430980
North,2024-05-14,20,0,2977071,0,52017,NA,NA,18430980
North,2024-05-15,20,0,2977071,0,52017,NA,NA,18430980
North,2024-05-16,20,0,2977071,0,52017,NA,NA,18430980
North,2024-05-17,20,0,2977071,0,52017,NA,NA,18430980
North,2024-05-18,20,422,2977493,2,52019,NA,NA,18430980
North,2024-05-19,21,0,2977493,0,52019,NA,NA,18430980
North,2024-05-20,21,0,2977493,0,52019,NA,NA,18430980
North,2024-05-21,21,0,2977493,0,52019,NA,NA,18430980
North,2024-05-22,21,0,2977493,0,52019,NA,NA,18430980
North,2024-05-23,21,0,2977493,0,52019,NA,NA,18430980
North,2024-05-24,21,0,2977493,0,52019,NA,NA,18430980
North,2024-05-25,21,277,2977770,1,52020,NA,NA,18430980
North,2024-05-26,22,0,2977770,0,52020,NA,NA,18430980
North,2024-05-27,22,0,2977770,0,52020,NA,NA,18430980
North,2024-05-28,22,0,2977770,0,52020,NA,NA,18430980
North,2024-05-29,22,0,2977770,0,52020,NA,NA,18430980
North,2024-05-30,22,0,2977770,0,52020,NA,NA,18430980
North,2024-05-31,22,0,2977770,0,52020,NA,NA,18430980
North,2024-06-01,22,468,2978238,11,52031,NA,NA,18430980
North,2024-06-02,23,0,2978238,0,52031,NA,NA,18430980
North,2024-06-03,23,0,2978238,0,52031,NA,NA,18430980
North,2024-06-04,23,0,2978238,0,52031,NA,NA,18430980
North,2024-06-05,23,0,2978238,0,52031,NA,NA,18430980
North,2024-06-06,23,0,2978238,0,52031,NA,NA,18430980
North,2024-06-07,23,0,2978238,0,52031,NA,NA,18430980
North,2024-06-08,23,206,2978444,2,52033,NA,NA,18430980
North,2024-06-09,24,0,2978444,0,52033,NA,NA,18430980
North,2024-06-10,24,0,2978444,0,52033,NA,NA,18430980
North,2024-06-11,24,0,2978444,0,52033,NA,NA,18430980
North,2024-06-12,24,0,2978444,0,52033,NA,NA,18430980
North,2024-06-13,24,0,2978444,0,52033,NA,NA,18430980
North,2024-06-14,24,0,2978444,0,52033,NA,NA,18430980
North,2024-06-15,24,219,2978663,4,52037,NA,NA,18430980
North,2024-06-16,25,0,2978663,0,52037,NA,NA,18430980
North,2024-06-17,25,0,2978663,0,52037,NA,NA,18430980
North,2024-06-18,25,0,2978663,0,52037,NA,NA,18430980
North,2024-06-19,25,0,2978663,0,52037,NA,NA,18430980
North,2024-06-20,25,0,2978663,0,52037,NA,NA,18430980
North,2024-06-21,25,0,2978663,0,52037,NA,NA,18430980
North,2024-06-22,25,753,2979416,2,52039,NA,NA,18430980
North,2024-06-23,26,0,2979416,0,52039,NA,NA,18430980
North,2024-06-24,26,0,2979416,0,52039,NA,NA,18430980
North,2024-06-25,26,0,2979416,0,52039,NA,NA,18430980
North,2024-06-26,26,0,2979416,0,52039,NA,NA,18430980
North,2024-06-27,26,0,2979416,0,52039,NA,NA,18430980
North,2024-06-28,26,0,2979416,0,52039,NA,NA,18430980
North,2024-06-29,26,347,2979763,1,52040,NA,NA,18430980
North,2024-06-30,27,0,2979763,0,52040,NA,NA,18430980
Northeast,2024-01-01,1,0,7482295,0,136427,NA,NA,57071654
Northeast,2024-01-02,1,0,7482295,0,136427,NA,NA,57071654
Northeast,2024-01-03,1,0,7482295,0,136427,NA,NA,57071654
Northeast,2024-01-04,1,0,7482295,0,136427,NA,NA,57071654
Northeast,2024-01-05,1,0,7482295,0,136427,NA,NA,57071654
Northeast,2024-01-06,1,9712,7492007,26,136453,NA,NA,57071654
Northeast,2024-01-07,2,0,7492007,0,136453,NA,NA,57071654
Northeast,2024-01-08,2,0,7492007,0,136453,NA,NA,57071654
Northeast,2024-01-09,2,0,7492007,0,136453,NA,NA,57071654
Northeast,2024-01-10,2,0,7492007,0,136453,NA,NA,57071654
Northeast,2024-01-11,2,0,7492007,0,136453,NA,NA,57071654
Northeast,2024-01-12,2,0,7492007,0,136453,NA,NA,57071654
Northeast,2024-01-13,2,13614,7505621,45,136498,NA,NA,57071654
Northeast,2024-01-14,3,0,7505621,0,136498,NA,NA,57071654
Northeast,2024-01-15,3,0,7505621,0,136498,NA,NA,57071654
Northeast,2024-01-16,3,0,7505621,0,136498,NA,NA,57071654
Northeast,2024-01-17,3,0,7505621,0,136498,NA,NA,57071654
Northeast,2024-01-18,3,0,7505621,0,136498,NA,NA,57071654
Northeast,2024-01-19,3,0,7505621,0,136498,NA,NA,57071654
Northeast,2024-01-20,3,12781,7518402,59,136557,NA,NA,57071654
Northeast,2024-01-21,4,0,7518402,0,136557,NA,NA,57071654
Northeast,2024-01-22,4,0,7518402,0,136557,NA,NA,57071654
Northeast,2024-01-23,4,0,7518402,0,136557,NA,NA,57071654
Northeast,2024-01-24,4,0,7518402,0,136557,NA,NA,57071654
Northeast,2024-01-25,4,0,7518402,0,136557,NA,NA,57071654
Northeast,2024-01-26,4,0,7518402,0,136557,NA,NA,57071654
Northeast,2024-01-27,4,7190,7525592,44,136601,NA,NA,57071654
Northeast,2024-01-28,5,0,7525592,0,136601,NA,NA,57071654
Northeast,2024-01-29,5,0,7525592,0,136601,NA,NA,57071654
Northeast,2024-01-30,5,0,7525592,0,136601,NA,NA,57071654
Northeast,2024-01-31,5,0,7525592,0,136601,NA,NA,57071654
Northeast,2024-02-01,5,0,7525592,0,136601,NA,NA,57071654
Northeast,2024-02-02,5,0,7525592,0,136601,NA,NA,57071654
Northeast,2024-02-03,5,6447,7532039,37,136638,NA,NA,57071654
Northeast,2024-02-04,6,0,7532039,0,136638,NA,NA,57071654
Northeast,2024-02-05,6,0,7532039,0,136638,NA,NA,57071654
Northeast,2024-02-06,6,0,7532039,0,136638,NA,NA,57071654
Northeast,2024-02-07,6,0,7532039,0,136638,NA,NA,57071654
Northeast,2024-02-08,6,0,7532039,0,136638,NA,NA,57071654
Northeast,2024-02-09,6,0,7532039,0,136638,NA,NA,57071654
Northeast,2024-02-10,6,2574,7534613,43,136681,NA,NA,57071654
Northeast,2024-02-11,7,0,7534613,0,136681,NA,NA,57071654
Northeast,2024-02-12,7,0,7534613,0,136681,NA,NA,57071654
Northeast,2024-02-13,7,0,7534613,0,136681,NA,NA,57071654
Northeast,2024-02-14,7,0,7534613,0,136681,NA,NA,57071654
Northeast,2024-02-15,7,0,7534613,0,136681,NA,NA,57071654
Northeast,2024-02-16,7,0,7534613,0,136681,NA,NA,57071654
Northeast,2024-02-17,7,1429,7536042,34,136715,NA,NA,57071654
Northeast,2024-02-18,8,0,7536042,0,136715,NA,NA,57071654
Northeast,2024-02-19,8,0,7536042,0,136715,NA,NA,57071654
Northeast,2024-02-20,8,0,7536042,0,136715,NA,NA,57071654
Northeast,2024-02-21,8,0,7536042,0,136715,NA,NA,57071654
Northeast,2024-02-22,8,0,7536042,0,136715,NA,NA,57071654
Northeast,2024-02-23,8,0,7536042,0,136715,NA,NA,57071654
Northeast,2024-02-24,8,5141,7541183,10,136725,NA,NA,57071654
Northeast,2024-02-25,9,0,7541183,0,136725,NA,NA,57071654
Northeast,2024-02-26,9,0,7541183,0,136725,NA,NA,57071654
Northeast,2024-02-27,9,0,7541183,0,136725,NA,NA,57071654
Northeast,2024-02-28,9,0,7541183,0,136725,NA,NA,57071654
Northeast,2024-02-29,9,0,7541183,0,136725,NA,NA,57071654
Northeast,2024-03-01,9,0,7541183,0,136725,NA,NA,57071654
Northeast,2024-03-02,9,2206,7543389,16,136741,NA,NA,57071654
Northeast,2024-03-03,10,0,7543389,0,136741,NA,NA,57071654
Northeast,2024-03-04,10,0,7543389,0,136741,NA,NA,57071654
Northeast,2024-03-05,10,0,7543389,0,136741,NA,NA,57071654
Northeast,2024-03-06,10,0,7543389,0,136741,NA,NA,57071654
Northeast,2024-03-07,10,0,7543389,0,136741,NA,NA,57071654
Northeast,2024-03-08,10,0,7543389,0,136741,NA,NA,57071654
Northeast,2024-03-09,10,1687,7545076,13,136754,NA,NA,57071654
Northeast,2024-03-10,11,0,7545076,0,136754,NA,NA,57071654
Northeast,2024-03-11,11,0,7545076,0,136754,NA,NA,57071654
Northeast,2024-03-12,11,0,7545076,0,136754,NA,NA,57071654
Northeast,2024-03-13,11,0,7545076,0,136754,NA,NA,57071654
Northeast,2024-03-14,11,0,7545076,0,136754,NA,NA,57071654
Northeast,2024-03-15,11,0,7545076,0,136754,NA,NA,57071654
Northeast,2024-03-16,11,6862,7551938,17,136771,NA,NA,57071654
Northeast,2024-03-17,12,0,7551938,0,136771,NA,NA,57071654
Northeast,2024-03-18,12,0,7551938,0,136771,NA,NA,57071654
Northeast,2024-03-19,12,0,7551938,0,136771,NA,NA,57071654
Northeast,2024-03-20,12,0,7551938,0,136771,NA,NA,57071654
Northeast,2024-03-21,12,0,7551938,0,136771,NA,NA,57071654
Northeast,2024-03-22,12,0,7551938,0,136771,NA,NA,57071654
Northeast,2024-03-23,12,2644,7554582,17,136788,NA,NA,57071654
Northeast,2024-03-24,13,0,7554582,0,136788,NA,NA,57071654
Northeast,2024-03-25,13,0,7554582,0,136788,NA,NA,57071654
Northeast,2024-03-26,13,0,7554582,0,136788,NA,NA,57071654
Northeast,2024-03-27,13,0,7554582,0,136788,NA,NA,57071654
Northeast,2024-03-28,13,0,7554582,0,136788,NA,NA,57071654
Northeast,2024-03-29,13,0,7554582,0,136788,NA,NA,57071654
Northeast,2024-03-30,13,671,7555253,10,136798,NA,NA,57071654
Northeast,2024-03-31,14,0,7555253,0,136798,NA,NA,57071654
Northeast,2024-04-01,14,0,7555253,0,136798,NA,NA,57071654
Northeast,2024-04-02,14,0,7555253,0,136798,NA,NA,57071654
Northeast,2024-04-03,14,0,7555253,0,136798,NA,NA,57071654
Northeast,2024-04-04,14,0,7555253,0,136798,NA,NA,57071654
Northeast,2024-04-05,14,0,7555253,0,136798,NA,NA,57071654
Northeast,2024-04-06,14,593,7555846,9,136807,NA,NA,57071654
Northeast,2024-04-07,15,0,7555846,0,136807,NA,NA,57071654
Northeast,2024-04-08,15,0,7555846,0,136807,NA,NA,57071654
Northeast,2024-04-09,15,0,7555846,0,136807,NA,NA,57071654
Northeast,2024-04-10,15,0,7555846,0,136807,NA,NA,57071654
Northeast,2024-04-11,15,0,7555846,0,136807,NA,NA,57071654
Northeast,2024-04-12,15,0,7555846,0,136807,NA,NA,57071654
Northeast,2024-04-13,15,507,7556353,4,136811,NA,NA,57071654
Northeast,2024-04-14,16,0,7556353,0,136811,NA,NA,57071654
Northeast,2024-04-15,16,0,7556353,0,136811,NA,NA,57071654
Northeast,2024-04-16,16,0,7556353,0,136811,NA,NA,57071654
Northeast,2024-04-17,16,0,7556353,0,136811,NA,NA,57071654
Northeast,2024-04-18,16,0,7556353,0,136811,NA,NA,57071654
Northeast,2024-04-19,16,0,7556353,0,136811,NA,NA,57071654
Northeast,2024-04-20,16,1130,7557483,15,136826,NA,NA,57071654
Northeast,2024-04-21,17,0,7557483,0,136826,NA,NA,57071654
Northeast,2024-04-22,17,0,7557483,0,136826,NA,NA,57071654
Northeast,2024-04-23,17,0,7557483,0,136826,NA,NA,57071654
Northeast,2024-04-24,17,0,7557483,0,136826,NA,NA,57071654
Northeast,2024-04-25,17,0,7557483,0,136826,NA,NA,57071654
Northeast,2024-04-26,17,0,7557483,0,136826,NA,NA,57071654
Northeast,2024-04-27,17,411,7557894,2,136828,NA,NA,57071654
Northeast,2024-04-28,18,0,7557894,0,136828,NA,NA,57071654
Northeast,2024-04-29,18,0,7557894,0,136828,NA,NA,57071654
Northeast,2024-04-30,18,0,7557894,0,136828,NA,NA,57071654
Northeast,2024-05-01,18,0,7557894,0,136828,NA,NA,57071654
Northeast,2024-05-02,18,0,7557894,0,136828,NA,NA,57071654
Northeast,2024-05-03,18,0,7557894,0,136828,NA,NA,57071654
Northeast,2024-05-04,18,201,7558095,3,136831,NA,NA,57071654
Northeast,2024-05-05,19,0,7558095,0,136831,NA,NA,57071654
Northeast,2024-05-06,19,0,7558095,0,136831,NA,NA,57071654
Northeast,2024-05-07,19,0,7558095,0,136831,NA,NA,57071654
Northeast,2024-05-08,19,0,7558095,0,136831,NA,NA,57071654
Northeast,2024-05-09,19,0,7558095,0,136831,NA,NA,57071654
Northeast,2024-05-10,19,0,7558095,0,136831,NA,NA,57071654
Northeast,2024-05-11,19,785,7558880,16,136847,NA,NA,57071654
Northeast,2024-05-12,20,0,7558880,0,136847,NA,NA,57071654
Northeast,2024-05-13,20,0,7558880,0,136847,NA,NA,57071654
Northeast,2024-05-14,20,0,7558880,0,136847,NA,NA,57071654
Northeast,2024-05-15,20,0,7558880,0,136847,NA,NA,57071654
Northeast,2024-05-16,20,0,7558880,0,136847,NA,NA,57071654
Northeast,2024-05-17,20,0,7558880,0,136847,NA,NA,57071654
Northeast,2024-05-18,20,208,7559088,2,136849,NA,NA,57071654
Northeast,2024-05-19,21,0,7559088,0,136849,NA,NA,57071654
Northeast,2024-05-20,21,0,7559088,0,136849,NA,NA,57071654
Northeast,2024-05-21,21,0,7559088,0,136849,NA,NA,57071654
Northeast,2024-05-22,21,0,7559088,0,136849,NA,NA,57071654
Northeast,2024-05-23,21,0,7559088,0,136849,NA,NA,57071654
Northeast,2024-05-24,21,0,7559088,0,136849,NA,NA,57071654
Northeast,2024-05-25,21,1108,7560196,0,136849,NA,NA,57071654
Northeast,2024-05-26,22,0,7560196,0,136849,NA,NA,57071654
Northeast,2024-05-27,22,0,7560196,0,136849,NA,NA,57071654
Northeast,2024-05-28,22,0,7560196,0,136849,NA,NA,57071654
Northeast,2024-05-29,22,0,7560196,0,136849,NA,NA,57071654
Northeast,2024-05-30,22,0,7560196,0,136849,NA,NA,57071654
Northeast,2024-05-31,22,0,7560196,0,136849,NA,NA,57071654
Northeast,2024-06-01,22,757,7560953,3,136852,NA,NA,57071654
Northeast,2024-06-02,23,0,7560953,0,136852,NA,NA,57071654
Northeast,2024-06-03,23,0,7560953,0,136852,NA,NA,57071654
Northeast,2024-06-04,23,0,7560953,0,136852,NA,NA,57071654
Northeast,2024-06-05,23,0,7560953,0,136852,NA,NA,57071654
Northeast,2024-06-06,23,0,7560953,0,136852,NA,NA,57071654
Northeast,2024-06-07,23,0,7560953,0,136852,NA,NA,57071654
Northeast,2024-06-08,23,735,7561688,0,136852,NA,NA,57071654
Northeast,2024-06-09,24,0,7561688,0,136852,NA,NA,57071654
Northeast,2024-06-10,24,0,7561688,0,136852,NA,NA,57071654
Northeast,2024-06-11,24,0,7561688,0,136852,NA,NA,57071654
Northeast,2024-06-12,24,0,7561688,0,136852,NA,NA,57071654
Northeast,2024-06-13,24,0,7561688,0,136852,NA,NA,57071654
Northeast,2024-06-14,24,0,7561688,0,136852,NA,NA,57071654
Northeast,2024-06-15,24,234,7561922,3,136855,NA,NA,57071654
Northeast,2024-06-16,25,0,7561922,0,136855,NA,NA,57071654
Northeast,2024-06-17,25,0,7561922,0,136855,NA,NA,57071654
Northeast,2024-06-18,25,0,7561922,0,136855,NA,NA,57071654
Northeast,2024-06-19,25,0,7561922,0,136855,NA,NA,57071654
Northeast,2024-06-20,25,0,7561922,0,136855,NA,NA,57071654
Northeast,2024-06-21,25,0,7561922,0,136855,NA,NA,57071654
Northeast,2024-06-22,25,375,7562297,9,136864,NA,NA,57071654
Northeast,2024-06-23,26,0,7562297,0,136864,NA,NA,57071654
Northeast,2024-06-24,26,0,7562297,0,136864,NA,NA,57071654
Northeast,2024-06-25,26,0,7562297,0,136864,NA,NA,57071654
Northeast,2024-06-26,26,0,7562297,0,136864,NA,NA,57071654
Northeast,2024-06-27,26,0,7562297,0,136864,NA,NA,57071654
Northeast,2024-06-28,26,0,7562297,0,136864,NA,NA,57071654
Northeast,2024-06-29,26,316,7562613,5,136869,NA,NA,57071654
Northeast,2024-06-30,27,0,7562613,0,136869,NA,NA,57071654
South,2024-01-01,1,0,8125900,0,112397,NA,NA,29975984
South,2024-01-02,1,0,8125900,0,112397,NA,NA,29975984
South,2024-01-03,1,0,8125900,0,112397,NA,NA,29975984
South,2024-01-04,1,0,8125900,0,112397,NA,NA,29975984
South,2024-01-05,1,0,8125900,0,112397,NA,NA,29975984
South,2024-01-06,1,2439,8128339,14,112411,NA,NA,29975984
South,2024-01-07,2,0,8128339,0,112411,NA,NA,29975984
South,2024-01-08,2,0,8128339,0,112411,NA,NA,29975984
South,2024-01-09,2,0,8128339,0,112411,NA,NA,29975984
South,2024-01-10,2,0,8128339,0,112411,NA,NA,29975984
South,2024-01-11,2,0,8128339,0,112411,NA,NA,29975984
South,2024-01-12,2,0,8128339,0,112411,NA,NA,29975984
South,2024-01-13,2,6306,8134645,49,112460,NA,NA,29975984
South,2024-01-14,3,0,8134645,0,112460,NA,NA,29975984
South,2024-01-15,3,0,8134645,0,112460,NA,NA,29975984
South,2024-01-16,3,0,8134645,0,112460,NA,NA,29975984
South,2024-01-17,3,0,8134645,0,112460,NA,NA,29975984
South,2024-01-18,3,0,8134645,0,112460,NA,NA,29975984
South,2024-01-19,3,0,8134645,0,112460,NA,NA,29975984
South,2024-01-20,3,3196,8137841,28,112488,NA,NA,29975984
South,2024-01-21,4,0,8137841,0,112488,NA,NA,29975984
South,2024-01-22,4,0,8137841,0,112488,NA,NA,29975984
South,2024-01-23,4,0,8137841,0,112488,NA,NA,29975984
South,2024-01-24,4,0,8137841,0,112488,NA,NA,29975984
South,2024-01-25,4,0,8137841,0,112488,NA,NA,29975984
South,2024-01-26,4,0,8137841,0,112488,NA,NA,29975984
South,2024-01-27,4,3932,8141773,34,112522,NA,NA,29975984
South,2024-01-28,5,0,8141773,0,112522,NA,NA,29975984
South,2024-01-29,5,0,8141773,0,112522,NA,NA,29975984
South,2024-01-30,5,0,8141773,0,112522,NA,NA,29975984
South,2024-01-31,5,0,8141773,0,112522,NA,NA,29975984
South,2024-02-01,5,0,8141773,0,112522,NA,NA,29975984
South,2024-02-02,5,0,8141773,0,112522,NA,NA,29975984
South,2024-02-03,5,4983,8146756,26,112548,NA,NA,29975984
South,2024-02-04,6,0,8146756,0,112548,NA,NA,29975984
South,2024-02-05,6,0,8146756,0,112548,NA,NA,29975984
South,2024-02-06,6,0,8146756,0,112548,NA,NA,29975984
South,2024-02-07,6,0,8146756,0,112548,NA,NA,29975984
South,2024-02-08,6,0,8146756,0,112548,NA,NA,29975984
South,2024-02-09,6,0,8146756,0,112548,NA,NA,29975984
South,2024-02-10,6,3766,8150522,22,112570,NA,NA,29975984
South,2024-02-11,7,0,8150522,0,112570,NA,NA,29975984
South,2024-02-12,7,0,8150522,0,112570,NA,NA,29975984
South,2024-02-13,7,0,8150522,0,112570,NA,NA,29975984
South,2024-02-14,7,0,8150522,0,112570,NA,NA,29975984
South,2024-02-15,7,0,8150522,0,112570,NA,NA,29975984
South,2024-02-16,7,0,8150522,0,112570,NA,NA,29975984
South,2024-02-17,7,6929,8157451,65,112635,NA,NA,29975984
South,2024-02-18,8,0,8157451,0,112635,NA,NA,29975984
South,2024-02-19,8,0,8157451,0,112635,NA,NA,29975984
South,2024-02-20,8,0,8157451,0,112635,NA,NA,29975984
South,2024-02-21,8,0,8157451,0,112635,NA,NA,29975984
South,2024-02-22,8,0,8157451,0,112635,NA,NA,29975984
South,2024-02-23,8,0,8157451,0,112635,NA,NA,29975984
South,2024-02-24,8,11048,8168499,28,112663,NA,NA,29975984
South,2024-02-25,9,0,8168499,0,112663,NA,NA,29975984
South,2024-02-26,9,0,8168499,0,112663,NA,NA,29975984
South,2024-02-27,9,0,8168499,0,112663,NA,NA,29975984
South,2024-02-28,9,0,8168499,0,112663,NA,NA,29975984
South,2024-02-29,9,0,8168499,0,112663,NA,NA,29975984
South,2024-03-01,9,0,8168499,0,112663,NA,NA,29975984
South,2024-03-02,9,13400,8181899,30,112693,NA,NA,29975984
South,2024-03-03,10,0,8181899,0,112693,NA,NA,29975984
South,2024-03-04,10,0,8181899,0,112693,NA,NA,29975984
South,2024-03-05,10,0,8181899,0,112693,NA,NA,29975984
South,2024-03-06,10,0,8181899,0,112693,NA,NA,29975984
South,2024-03-07,10,0,8181899,0,112693,NA,NA,29975984
South,2024-03-08,10,0,8181899,0,112693,NA,NA,29975984
South,2024-03-09,10,14411,8196310,21,112714,NA,NA,29975984
South,2024-03-10,11,0,8196310,0,112714,NA,NA,29975984
South,2024-03-11,11,0,8196310,0,112714,NA,NA,29975984
South,2024-03-12,11,0,8196310,0,112714,NA,NA,29975984
South,2024-03-13,11,0,8196310,0,112714,NA,NA,29975984
South,2024-03-14,11,0,8196310,0,112714,NA,NA,29975984
South,2024-03-15,11,0,8196310,0,112714,NA,NA,29975984
South,2024-03-16,11,13205,8209515,49,112763,NA,NA,29975984
South,2024-03-17,12,0,8209515,0,112763,NA,NA,29975984
South,2024-03-18,12,0,8209515,0,112763,NA,NA,29975984
South,2024-03-19,12,0,8209515,0,112763,NA,NA,29975984
South,2024-03-20,12,0,8209515,0,112763,NA,NA,29975984
South,2024-03-21,12,0,8209515,0,112763,NA,NA,29975984
South,2024-03-22,12,0,8209515,0,112763,NA,NA,29975984
South,2024-03-23,12,8746,8218261,61,112824,NA,NA,29975984
South,2024-03-24,13,0,8218261,0,112824,NA,NA,29975984
South,2024-03-25,13,0,8218261,0,112824,NA,NA,29975984
South,2024-03-26,13,0,8218261,0,112824,NA,NA,29975984
South,2024-03-27,13,0,8218261,0,112824,NA,NA,29975984
South,2024-03-28,13,0,8218261,0,112824,NA,NA,29975984
South,2024-03-29,13,0,8218261,0,112824,NA,NA,29975984
South,2024-03-30,13,3416,8221677,16,112840,NA,NA,29975984
South,2024-03-31,14,0,8221677,0,112840,NA,NA,29975984
South,2024-04-01,14,0,8221677,0,112840,NA,NA,29975984
South,2024-04-02,14,0,8221677,0,112840,NA,NA,29975984
South,2024-04-03,14,0,8221677,0,112840,NA,NA,29975984
South,2024-04-04,14,0,8221677,0,112840,NA,NA,29975984
South,2024-04-05,14,0,8221677,0,112840,NA,NA,29975984
South,2024-04-06,14,7838,8229515,63,112903,NA,NA,29975984
South,2024-04-07,15,0,8229515,0,112903,NA,NA,29975984
South,2024-04-08,15,0,8229515,0,112903,NA,NA,29975984
South,2024-04-09,15,0,8229515,0,112903,NA,NA,29975984
South,2024-04-10,15,0,8229515,0,112903,NA,NA,29975984
South,2024-04-11,15,0,8229515,0,112903,NA,NA,29975984
South,2024-04-12,15,0,8229515,0,112903,NA,NA,29975984
South,2024-04-13,15,3470,8232985,18,112921,NA,NA,29975984
South,2024-04-14,16,0,8232985,0,112921,NA,NA,29975984
South,2024-04-15,16,0,8232985,0,112921,NA,NA,29975984
South,2024-04-16,16,0,8232985,0,112921,NA,NA,29975984
South,2024-04-17,16,0,8232985,0,112921,NA,NA,29975984
South,2024-04-18,16,0,8232985,0,112921,NA,NA,29975984
South,2024-04-19,16,0,8232985,0,112921,NA,NA,29975984
South,2024-04-20,16,932,8233917,8,112929,NA,NA,29975984
South,2024-04-21,17,0,8233917,0,112929,NA,NA,29975984
South,2024-04-22,17,0,8233917,0,112929,NA,NA,29975984
South,2024-04-23,17,0,8233917,0,112929,NA,NA,29975984
South,2024-04-24,17,0,8233917,0,112929,NA,NA,29975984
South,2024-04-25,17,0,8233917,0,112929,NA,NA,29975984
South,2024-04-26,17,0,8233917,0,112929,NA,NA,29975984
South,2024-04-27,17,2398,8236315,37,112966,NA,NA,29975984
South,2024-04-28,18,0,8236315,0,112966,NA,NA,29975984
South,2024-04-29,18,0,8236315,0,112966,NA,NA,29975984
South,2024-04-30,18,0,8236315,0,112966,NA,NA,29975984
South,2024-05-01,18,0,8236315,0,112966,NA,NA,29975984
South,2024-05-02,18,0,8236315,0,112966,NA,NA,29975984
South,2024-05-03,18,0,8236315,0,112966,NA,NA,29975984
South,2024-05-04,18,1234,8237549,14,112980,NA,NA,29975984
South,2024-05-05,19,0,8237549,0,112980,NA,NA,29975984
South,2024-05-06,19,0,8237549,0,112980,NA,NA,29975984
South,2024-05-07,19,0,8237549,0,112980,NA,NA,29975984
South,2024-05-08,19,0,8237549,0,112980,NA,NA,29975984
South,2024-05-09,19,0,8237549,0,112980,NA,NA,29975984
South,2024-05-10,19,0,8237549,0,112980,NA,NA,29975984
South,2024-05-11,19,625,8238174,2,112982,NA,NA,29975984
South,2024-05-12,20,0,8238174,0,112982,NA,NA,29975984
South,2024-05-13,20,0,8238174,0,112982,NA,NA,29975984
South,2024-05-14,20,0,8238174,0,112982,NA,NA,29975984
South,2024-05-15,20,0,8238174,0,112982,NA,NA,29975984
South,2024-05-16,20,0,8238174,0,112982,NA,NA,29975984
South,2024-05-17,20,0,8238174,0,112982,NA,NA,29975984
South,2024-05-18,20,1003,8239177,12,112994,NA,NA,29975984
South,2024-05-19,21,0,8239177,0,112994,NA,NA,29975984
South,2024-05-20,21,0,8239177,0,112994,NA,NA,29975984
South,2024-05-21,21,0,8239177,0,112994,NA,NA,29975984
South,2024-05-22,21,0,8239177,0,112994,NA,NA,29975984
South,2024-05-23,21,0,8239177,0,112994,NA,NA,29975984
South,2024-05-24,21,0,8239177,0,112994,NA,NA,29975984
South,2024-05-25,21,743,8239920,-17,112977,NA,NA,29975984
South,2024-05-26,22,0,8239920,0,112977,NA,NA,29975984
South,2024-05-27,22,0,8239920,0,112977,NA,NA,29975984
South,2024-05-28,22,0,8239920,0,112977,NA,NA,29975984
South,2024-05-29,22,0,8239920,0,112977,NA,NA,29975984
South,2024-05-30,22,0,8239920,0,112977,NA,NA,29975984
South,2024-05-31,22,0,8239920,0,112977,NA,NA,29975984
South,2024-06-01,22,834,8240754,15,112992,NA,NA,29975984
South,2024-06-02,23,0,8240754,0,112992,NA,NA,29975984
South,2024-06-03,23,0,8240754,0,112992,NA,NA,29975984
South,2024-06-04,23,0,8240754,0,112992,NA,NA,29975984
South,2024-06-05,23,0,8240754,0,112992,NA,NA,29975984
South,2024-06-06,23,0,8240754,0,112992,NA,NA,29975984
South,2024-06-07,23,0,8240754,0,112992,NA,NA,29975984
South,2024-06-08,23,734,8241488,8,113000,NA,NA,29975984
South,2024-06-09,24,0,8241488,0,113000,NA,NA,29975984
South,2024-06-10,24,0,8241488,0,113000,NA,NA,29975984
South,2024-06-11,24,0,8241488,0,113000,NA,NA,29975984
South,2024-06-12,24,0,8241488,0,113000,NA,NA,29975984
South,2024-06-13,24,0,8241488,0,113000,NA,NA,29975984
South,2024-06-14,24,0,8241488,0,113000,NA,NA,29975984
South,2024-06-15,24,488,8241976,23,113023,NA,NA,29975984
South,2024-06-16,25,0,8241976,0,113023,NA,NA,29975984
South,2024-06-17,25,0,8241976,0,113023,NA,NA,29975984
South,2024-06-18,25,0,8241976,0,113023,NA,NA,29975984
South,2024-06-19,25,0,8241976,0,113023,NA,NA,29975984
South,2024-06-20,25,0,8241976,0,113023,NA,NA,29975984
South,2024-06-21,25,0,8241976,0,113023,NA,NA,29975984
South,2024-06-22,25,859,8242835,12,113035,NA,NA,29975984
South,2024-06-23,26,0,8242835,0,113035,NA,NA,29975984
South,2024-06-24,26,0,8242835,0,113035,NA,NA,29975984
South,2024-06-25,26,0,8242835,0,113035,NA,NA,29975984
South,2024-06-26,26,0,8242835,0,113035,NA,NA,29975984
South,2024-06-27,26,0,8242835,0,113035,NA,NA,29975984
South,2024-06-28,26,0,8242835,0,113035,NA,NA,29975984
South,2024-06-29,26,610,8243445,12,113047,NA,NA,29975984
South,2024-06-30,27,0,8243445,0,113047,NA,NA,29975984
Southeast,2024-01-01,1,0,15253488,0,341269,NA,NA,88371433
Southeast,2024-01-02,1,0,15253488,0,341269,NA,NA,88371433
Southeast,2024-01-03,1,0,15253488,0,341269,NA,NA,88371433
Southeast,2024-01-04,1,0,15253488,0,341269,NA,NA,88371433
Southeast,2024-01-05,1,0,15253488,0,341269,NA,NA,88371433
Southeast,2024-01-06,1,3601,15257089,17,341286,NA,NA,88371433
Southeast,2024-01-07,2,0,15257089,0,341286,NA,NA,88371433
Southeast,2024-01-08,2,0,15257089,0,341286,NA,NA,88371433
Southeast,2024-01-09,2,0,15257089,0,341286,NA,NA,88371433
Southeast,2024-01-10,2,0,15257089,0,341286,NA,NA,88371433
Southeast,2024-01-11,2,0,15257089,0,341286,NA,NA,88371433
Southeast,2024-01-12,2,0,15257089,0,341286,NA,NA,88371433
Southeast,2024-01-13,2,10259,15267348,144,341430,NA,NA,88371433
Southeast,2024-01-14,3,0,15267348,0,341430,NA,NA,88371433
Southeast,2024-01-15,3,0,15267348,0,341430,NA,NA,88371433
Southeast,2024-01-16,3,0,15267348,0,341430,NA,NA,88371433
Southeast,2024-01-17,3,0,15267348,0,341430,NA,NA,88371433
Southeast,2024-01-18,3,0,15267348,0,341430,NA,NA,88371433
Southeast,2024-01-19,3,0,15267348,0,341430,NA,NA,88371433
Southeast,2024-01-20,3,6252,15273600,62,341492,NA,NA,88371433
Southeast,2024-01-21,4,0,15273600,0,341492,NA,NA,88371433
Southeast,2024-01-22,4,0,15273600,0,341492,NA,NA,88371433
Southeast,2024-01-23,4,0,15273600,0,341492,NA,NA,88371433
Southeast,2024-01-24,4,0,15273600,0,341492,NA,NA,88371433
Southeast,2024-01-25,4,0,15273600,0,341492,NA,NA,88371433
Southeast,2024-01-26,4,0,15273600,0,341492,NA,NA,88371433
Southeast,2024-01-27,4,10194,15283794,92,341584,NA,NA,88371433
Southeast,2024-01-28,5,0,15283794,0,341584,NA,NA,88371433
Southeast,2024-01-29,5,0,15283794,0,341584,NA,NA,88371433
Southeast,2024-01-30,5,0,15283794,0,341584,NA,NA,88371433
Southeast,2024-01-31,5,0,15283794,0,341584,NA,NA,88371433
Southeast,2024-02-01,5,0,15283794,0,341584,NA,NA,88371433
Southeast,2024-02-02,5,0,15283794,0,341584,NA,NA,88371433
Southeast,2024-02-03,5,10557,15294351,88,341672,NA,NA,88371433
Southeast,2024-02-04,6,0,15294351,0,341672,NA,NA,88371433
Southeast,2024-02-05,6,0,15294351,0,341672,NA,NA,88371433
Southeast,2024-02-06,6,0,15294351,0,341672,NA,NA,88371433
Southeast,2024-02-07,6,0,15294351,0,341672,NA,NA,88371433
Southeast,2024-02-08,6,0,15294351,0,341672,NA,NA,88371433
Southeast,2024-02-09,6,0,15294351,0,341672,NA,NA,88371433
Southeast,2024-02-10,6,10019,15304370,70,341742,NA,NA,88371433
Southeast,2024-02-11,7,0,15304370,0,341742,NA,NA,88371433
Southeast,2024-02-12,7,0,15304370,0,341742,NA,NA,88371433
Southeast,2024-02-13,7,0,15304370,0,341742,NA,NA,88371433
Southeast,2024-02-14,7,0,15304370,0,341742,NA,NA,88371433
Southeast,2024-02-15,7,0,15304370,0,341742,NA,NA,88371433
Southeast,2024-02-16,7,0,15304370,0,341742,NA,NA,88371433
Southeast,2024-02-17,7,22898,15327268,67,341809,NA,NA,88371433
Southeast,2024-02-18,8,0,15327268,0,341809,NA,NA,88371433
Southeast,2024-02-19,8,0,15327268,0,341809,NA,NA,88371433
Southeast,2024-02-20,8,0,15327268,0,341809,NA,NA,88371433
Southeast,2024-02-21,8,0,15327268,0,341809,NA,NA,88371433
Southeast,2024-02-22,8,0,15327268,0,341809,NA,NA,88371433
Southeast,2024-02-23,8,0,15327268,0,341809,NA,NA,88371433
Southeast,2024-02-24,8,34833,15362101,142,341951,NA,NA,88371433
Southeast,2024-02-25,9,0,15362101,0,341951,NA,NA,88371433
Southeast,2024-02-26,9,0,15362101,0,341951,NA,NA,88371433
Southeast,2024-02-27,9,0,15362101,0,341951,NA,NA,88371433
Southeast,2024-02-28,9,0,15362101,0,341951,NA,NA,88371433
Southeast,2024-02-29,9,0,15362101,0,341951,NA,NA,88371433
Southeast,2024-03-01,9,0,15362101,0,341951,NA,NA,88371433
Southeast,2024-03-02,9,33400,15395501,163,342114,NA,NA,88371433
Southeast,2024-03-03,10,0,15395501,0,342114,NA,NA,88371433
Southeast,2024-03-04,10,0,15395501,0,342114,NA,NA,88371433
Southeast,2024-03-05,10,0,15395501,0,342114,NA,NA,88371433
Southeast,2024-03-06,10,0,15395501,0,342114,NA,NA,88371433
Southeast,2024-03-07,10,0,15395501,0,342114,NA,NA,88371433
Southeast,2024-03-08,10,0,15395501,0,342114,NA,NA,88371433
Southeast,2024-03-09,10,24881,15420382,198,342312,NA,NA,88371433
Southeast,2024-03-10,11,0,15420382,0,342312,NA,NA,88371433
Southeast,2024-03-11,11,0,15420382,0,342312,NA,NA,88371433
Southeast,2024-03-12,11,0,15420382,0,342312,NA,NA,88371433
Southeast,2024-03-13,11,0,15420382,0,342312,NA,NA,88371433
Southeast,2024-03-14,11,0,15420382,0,342312,NA,NA,88371433
Southeast,2024-03-15,11,0,15420382,0,342312,NA,NA,88371433
Southeast,2024-03-16,11,20942,15441324,159,342471,NA,NA,88371433
Southeast,2024-03-17,12,0,15441324,0,342471,NA,NA,88371433
Southeast,2024-03-18,12,0,15441324,0,342471,NA,NA,88371433
Southeast,2024-03-19,12,0,15441324,0,342471,NA,NA,88371433
Southeast,2024-03-20,12,0,15441324,0,342471,NA,NA,88371433
Southeast,2024-03-21,12,0,15441324,0,342471,NA,NA,88371433
Southeast,2024-03-22,12,0,15441324,0,342471,NA,NA,88371433
Southeast,2024-03-23,12,19575,15460899,171,342642,NA,NA,88371433
Southeast,2024-03-24,13,0,15460899,0,342642,NA,NA,88371433
Southeast,2024-03-25,13,0,15460899,0,342642,NA,NA,88371433
Southeast,2024-03-26,13,0,15460899,0,342642,NA,NA,88371433
Southeast,2024-03-27,13,0,15460899,0,342642,NA,NA,88371433
Southeast,2024-03-28,13,0,15460899,0,342642,NA,NA,88371433
Southeast,2024-03-29,13,0,15460899,0,342642,NA,NA,88371433
Southeast,2024-03-30,13,7623,15468522,88,342730,NA,NA,88371433
Southeast,2024-03-31,14,0,15468522,0,342730,NA,NA,88371433
Southeast,2024-04-01,14,0,15468522,0,342730,NA,NA,88371433
Southeast,2024-04-02,14,0,15468522,0,342730,NA,NA,88371433
Southeast,2024-04-03,14,0,15468522,0,342730,NA,NA,88371433
Southeast,2024-04-04,14,0,15468522,0,342730,NA,NA,88371433
Southeast,2024-04-05,14,0,15468522,0,342730,NA,NA,88371433
Southeast,2024-04-06,14,3490,15472012,39,342769,NA,NA,88371433
Southeast,2024-04-07,15,0,15472012,0,342769,NA,NA,88371433
Southeast,2024-04-08,15,0,15472012,0,342769,NA,NA,88371433
Southeast,2024-04-09,15,0,15472012,0,342769,NA,NA,88371433
Southeast,2024-04-10,15,0,15472012,0,342769,NA,NA,88371433
Southeast,2024-04-11,15,0,15472012,0,342769,NA,NA,88371433
Southeast,2024-04-12,15,0,15472012,0,342769,NA,NA,88371433
Southeast,2024-04-13,15,11563,15483575,120,342889,NA,NA,88371433
Southeast,2024-04-14,16,0,15483575,0,342889,NA,NA,88371433
Southeast,2024-04-15,16,0,15483575,0,342889,NA,NA,88371433
Southeast,2024-04-16,16,0,15483575,0,342889,NA,NA,88371433
Southeast,2024-04-17,16,0,15483575,0,342889,NA,NA,88371433
Southeast,2024-04-18,16,0,15483575,0,342889,NA,NA,88371433
Southeast,2024-04-19,16,0,15483575,0,342889,NA,NA,88371433
Southeast,2024-04-20,16,2183,15485758,106,342995,NA,NA,88371433
Southeast,2024-04-21,17,0,15485758,0,342995,NA,NA,88371433
Southeast,2024-04-22,17,0,15485758,0,342995,NA,NA,88371433
Southeast,2024-04-23,17,0,15485758,0,342995,NA,NA,88371433
Southeast,2024-04-24,17,0,15485758,0,342995,NA,NA,88371433
Southeast,2024-04-25,17,0,15485758,0,342995,NA,NA,88371433
Southeast,2024-04-26,17,0,15485758,0,342995,NA,NA,88371433
Southeast,2024-04-27,17,4090,15489848,122,343117,NA,NA,88371433
Southeast,2024-04-28,18,0,15489848,0,343117,NA,NA,88371433
Southeast,2024-04-29,18,0,15489848,0,343117,NA,NA,88371433
Southeast,2024-04-30,18,0,15489848,0,343117,NA,NA,88371433
Southeast,2024-05-01,18,0,15489848,0,343117,NA,NA,88371433
Southeast,2024-05-02,18,0,15489848,0,343117,NA,NA,88371433
Southeast,2024-05-03,18,0,15489848,0,343117,NA,NA,88371433
Southeast,2024-05-04,18,1819,15491667,49,343166,NA,NA,88371433
Southeast,2024-05-05,19,0,15491667,0,343166,NA,NA,88371433
Southeast,2024-05-06,19,0,15491667,0,343166,NA,NA,88371433
Southeast,2024-05-07,19,0,15491667,0,343166,NA,NA,88371433
Southeast,2024-05-08,19,0,15491667,0,343166,NA,NA,88371433
Southeast,2024-05-09,19,0,15491667,0,343166,NA,NA,88371433
Southeast,2024-05-10,19,0,15491667,0,343166,NA,NA,88371433
Southeast,2024-05-11,19,4544,15496211,26,343192,NA,NA,88371433
Southeast,2024-05-12,20,0,15496211,0,343192,NA,NA,88371433
Southeast,2024-05-13,20,0,15496211,0,343192,NA,NA,88371433
Southeast,2024-05-14,20,0,15496211,0,343192,NA,NA,88371433
Southeast,2024-05-15,20,0,15496211,0,343192,NA,NA,88371433
Southeast,2024-05-16,20,0,15496211,0,343192,NA,NA,88371433
Southeast,2024-05-17,20,0,15496211,0,343192,NA,NA,88371433
Southeast,2024-05-18,20,1203,15497414,94,343286,NA,NA,88371433
Southeast,2024-05-19,21,0,15497414,0,343286,NA,NA,88371433
Southeast,2024-05-20,21,0,15497414,0,343286,NA,NA,88371433
Southeast,2024-05-21,21,0,15497414,0,343286,NA,NA,88371433
Southeast,2024-05-22,21,0,15497414,0,343286,NA,NA,88371433
Southeast,2024-05-23,21,0,15497414,0,343286,NA,NA,88371433
Southeast,2024-05-24,21,0,15497414,0,343286,NA,NA,88371433
Southeast,2024-05-25,21,5771,15503185,66,343352,NA,NA,88371433
Southeast,2024-05-26,22,0,15503185,0,343352,NA,NA,88371433
Southeast,2024-05-27,22,0,15503185,0,343352,NA,NA,88371433
Southeast,2024-05-28,22,0,15503185,0,343352,NA,NA,88371433
Southeast,2024-05-29,22,0,15503185,0,343352,NA,NA,88371433
Southeast,2024-05-30,22,0,15503185,0,343352,NA,NA,88371433
Southeast,2024-05-31,22,0,15503185,0,343352,NA,NA,88371433
Southeast,2024-06-01,22,2365,15505550,37,343389,NA,NA,88371433
Southeast,2024-06-02,23,0,15505550,0,343389,NA,NA,88371433
Southeast,2024-06-03,23,0,15505550,0,343389,NA,NA,88371433
Southeast,2024-06-04,23,0,15505550,0,343389,NA,NA,88371433
Southeast,2024-06-05,23,0,15505550,0,343389,NA,NA,88371433
Southeast,2024-06-06,23,0,15505550,0,343389,NA,NA,88371433
Southeast,2024-06-07,23,0,15505550,0,343389,NA,NA,88371433
Southeast,2024-06-08,23,1553,15507103,14,343403,NA,NA,88371433
Southeast,2024-06-09,24,0,15507103,0,343403,NA,NA,88371433
Southeast,2024-06-10,24,0,15507103,0,343403,NA,NA,88371433
Southeast,2024-06-11,24,0,15507103,0,343403,NA,NA,88371433
Southeast,2024-06-12,24,0,15507103,0,343403,NA,NA,88371433
Southeast,2024-06-13,24,0,15507103,0,343403,NA,NA,88371433
Southeast,2024-06-14,24,0,15507103,0,343403,NA,NA,88371433
Southeast,2024-06-15,24,42,15507145,0,343403,NA,NA,88371433
Southeast,2024-06-16,25,0,15507145,0,343403,NA,NA,88371433
Southeast,2024-06-17,25,0,15507145,0,343403,NA,NA,88371433
Southeast,2024-06-18,25,0,15507145,0,343403,NA,NA,88371433
Southeast,2024-06-19,25,0,15507145,0,343403,NA,NA,88371433
Southeast,2024-06-20,25,0,15507145,0,343403,NA,NA,88371433
Southeast,2024-06-21,25,0,15507145,0,343403,NA,NA,88371433
Southeast,2024-06-22,25,194,15507339,88,343491,NA,NA,88371433
Southeast,2024-06-23,26,0,15507339,0,343491,NA,NA,88371433
Southeast,2024-06-24,26,0,15507339,0,343491,NA,NA,88371433
Southeast,2024-06-25,26,0,15507339,0,343491,NA,NA,88371433
Southeast,2024-06-26,26,0,15507339,0,343491,NA,NA,88371433
Southeast,2024-06-27,26,0,15507339,0,343491,NA,NA,88371433
Southeast,2024-06-28,26,0,15507339,0,343491,NA,NA,88371433
Southeast,2024-06-29,26,2824,15510163,15,343506,NA,NA,88371433
Southeast,2024-06-30,27,0,15510163,0,343506,NA,NA,88371433
Midwest,2024-07-01,27,0,4536929,0,67075,NA,NA,16297074
Midwest,2024-07-02,27,0,4536929,0,67075,NA,NA,16297074
Midwest,2024-07-03,27,0,4536929,0,67075,NA,NA,16297074
Midwest,2024-07-04,27,0,4536929,0,67075,NA,NA,16297074
Midwest,2024-07-05,27,0,4536929,0,67075,NA,NA,16297074
Midwest,2024-07-06,27,881,4537810,0,67075,NA,NA,16297074
Midwest,2024-07-07,28,0,4537810,0,67075,NA,NA,16297074
Midwest,2024-07-08,28,0,4537810,0,67075,NA,NA,16297074
Midwest,2024-07-09,28,0,4537810,0,67075,NA,NA,16297074
Midwest,2024-07-10,28,0,4537810,0,67075,NA,NA,16297074
Midwest,2024-07-11,28,0,4537810,0,67075,NA,NA,16297074
Midwest,2024-07-12,28,0,4537810,0,67075,NA,NA,16297074
Midwest,2024-07-13,28,1137,4538947,0,67075,NA,NA,16297074
Midwest,2024-07-14,29,0,4538947,0,67075,NA,NA,16297074
Midwest,2024-07-15,29,0,4538947,0,67075,NA,NA,16297074
Midwest,2024-07-16,29,0,4538947,0,67075,NA,NA,16297074
Midwest,2024-07-17,29,0,4538947,0,67075,NA,NA,16297074
Midwest,2024-07-18,29,0,4538947,0,67075,NA,NA,16297074
Midwest,2024-07-19,29,0,4538947,0,67075,NA,NA,16297074
Midwest,2024-07-20,29,998,4539945,3,67078,NA,NA,16297074
Midwest,2024-07-21,30,0,4539945,0,67078,NA,NA,16297074
Midwest,2024-07-22,30,0,4539945,0,67078,NA,NA,16297074
Midwest,2024-07-23,30,0,4539945,0,67078,NA,NA,16297074
Midwest,2024-07-24,30,0,4539945,0,67078,NA,NA,16297074
Midwest,2024-07-25,30,0,4539945,0,67078,NA,NA,16297074
Midwest,2024-07-26,30,0,4539945,0,67078,NA,NA,16297074
Midwest,2024-07-27,30,625,4540570,9,67087,NA,NA,16297074
Midwest,2024-07-28,31,0,4540570,0,67087,NA,NA,16297074
Midwest,2024-07-29,31,0,4540570,0,67087,NA,NA,16297074
Midwest,2024-07-30,31,0,4540570,0,67087,NA,NA,16297074
Midwest,2024-07-31,31,0,4540570,0,67087,NA,NA,16297074
Midwest,2024-08-01,31,0,4540570,0,67087,NA,NA,16297074
Midwest,2024-08-02,31,0,4540570,0,67087,NA,NA,16297074
Midwest,2024-08-03,31,1127,4541697,2,67089,NA,NA,16297074
Midwest,2024-08-04,32,0,4541697,0,67089,NA,NA,16297074
Midwest,2024-08-05,32,0,4541697,0,67089,NA,NA,16297074
Midwest,2024-08-06,32,0,4541697,0,67089,NA,NA,16297074
Midwest,2024-08-07,32,0,4541697,0,67089,NA,NA,16297074
Midwest,2024-08-08,32,0,4541697,0,67089,NA,NA,16297074
Midwest,2024-08-09,32,0,4541697,0,67089,NA,NA,16297074
Midwest,2024-08-10,32,3315,4545012,10,67099,NA,NA,16297074
Midwest,2024-08-11,33,0,4545012,0,67099,NA,NA,16297074
Midwest,2024-08-12,33,0,4545012,0,67099,NA,NA,16297074
Midwest,2024-08-13,33,0,4545012,0,67099,NA,NA,16297074
Midwest,2024-08-14,33,0,4545012,0,67099,NA,NA,16297074
Midwest,2024-08-15,33,0,4545012,0,67099,NA,NA,16297074
Midwest,2024-08-16,33,0,4545012,0,67099,NA,NA,16297074
Midwest,2024-08-17,33,1472,4546484,11,67110,NA,NA,16297074
Midwest,2024-08-18,34,0,4546484,0,67110,NA,NA,16297074
Midwest,2024-08-19,34,0,4546484,0,67110,NA,NA,16297074
Midwest,2024-08-20,34,0,4546484,0,67110,NA,NA,16297074
Midwest,2024-08-21,34,0,4546484,0,67110,NA,NA,16297074
Midwest,2024-08-22,34,0,4546484,0,67110,NA,NA,16297074
Midwest,2024-08-23,34,0,4546484,0,67110,NA,NA,16297074
Midwest,2024-08-24,34,3746,4550230,6,67116,NA,NA,16297074
Midwest,2024-08-25,35,0,4550230,0,67116,NA,NA,16297074
Midwest,2024-08-26,35,0,4550230,0,67116,NA,NA,16297074
Midwest,2024-08-27,35,0,4550230,0,67116,NA,NA,16297074
Midwest,2024-08-28,35,0,4550230,0,67116,NA,NA,16297074
Midwest,2024-08-29,35,0,4550230,0,67116,NA,NA,16297074
Midwest,2024-08-30,35,0,4550230,0,67116,NA,NA,16297074
Midwest,2024-08-31,35,1410,4551640,10,67126,NA,NA,16297074
Midwest,2024-09-01,36,0,4551640,0,67126,NA,NA,16297074
Midwest,2024-09-02,36,0,4551640,0,67126,NA,NA,16297074
Midwest,2024-09-03,36,0,4551640,0,67126,NA,NA,16297074
Midwest,2024-09-04,36,0,4551640,0,67126,NA,NA,16297074
Midwest,2024-09-05,36,0,4551640,0,67126,NA,NA,16297074
Midwest,2024-09-06,36,0,4551640,0,67126,NA,NA,16297074
Midwest,2024-09-07,36,6363,4558003,22,67148,NA,NA,16297074
Midwest,2024-09-08,37,0,4558003,0,67148,NA,NA,16297074
Midwest,2024-09-09,37,0,4558003,0,67148,NA,NA,16297074
Midwest,2024-09-10,37,0,4558003,0,67148,NA,NA,16297074
Midwest,2024-09-11,37,0,4558003,0,67148,NA,NA,16297074
Midwest,2024-09-12,37,0,4558003,0,67148,NA,NA,16297074
Midwest,2024-09-13,37,0,4558003,0,67148,NA,NA,16297074
Midwest,2024-09-14,37,3069,4561072,0,67148,NA,NA,16297074
Midwest,2024-09-15,38,0,4561072,0,67148,NA,NA,16297074
Midwest,2024-09-16,38,0,4561072,0,67148,NA,NA,16297074
Midwest,2024-09-17,38,0,4561072,0,67148,NA,NA,16297074
Midwest,2024-09-18,38,0,4561072,0,67148,NA,NA,16297074
Midwest,2024-09-19,38,0,4561072,0,67148,NA,NA,16297074
Midwest,2024-09-20,38,0,4561072,0,67148,NA,NA,16297074
Midwest,2024-09-21,38,3463,4564535,39,67187,NA,NA,16297074
Midwest,2024-09-22,39,0,4564535,0,67187,NA,NA,16297074
Midwest,2024-09-23,39,0,4564535,0,67187,NA,NA,16297074
Midwest,2024-09-24,39,0,4564535,0,67187,NA,NA,16297074
Midwest,2024-09-25,39,0,4564535,0,67187,NA,NA,16297074
Midwest,2024-09-26,39,0,4564535,0,67187,NA,NA,16297074
Midwest,2024-09-27,39,0,4564535,0,67187,NA,NA,16297074
Midwest,2024-09-28,39,2687,4567222,9,67196,NA,NA,16297074
Midwest,2024-09-29,40,0,4567222,0,67196,NA,NA,16297074
Midwest,2024-09-30,40,0,4567222,0,67196,NA,NA,16297074
Midwest,2024-10-01,40,0,4567222,0,67196,NA,NA,16297074
Midwest,2024-10-02,40,0,4567222,0,67196,NA,NA,16297074
Midwest,2024-10-03,40,0,4567222,0,67196,NA,NA,16297074
Midwest,2024-10-04,40,0,4567222,0,67196,NA,NA,16297074
Midwest,2024-10-05,40,2118,4569340,17,67213,NA,NA,16297074
Midwest,2024-10-06,41,0,4569340,0,67213,NA,NA,16297074
Midwest,2024-10-07,41,0,4569340,0,67213,NA,NA,16297074
Midwest,2024-10-08,41,0,4569340,0,67213,NA,NA,16297074
Midwest,2024-10-09,41,0,4569340,0,67213,NA,NA,16297074
Midwest,2024-10-10,41,0,4569340,0,67213,NA,NA,16297074
Midwest,2024-10-11,41,0,4569340,0,67213,NA,NA,16297074
Midwest,2024-10-12,41,2450,4571790,6,67219,NA,NA,16297074
Midwest,2024-10-13,42,0,4571790,0,67219,NA,NA,16297074
Midwest,2024-10-14,42,0,4571790,0,67219,NA,NA,16297074
Midwest,2024-10-15,42,0,4571790,0,67219,NA,NA,16297074
Midwest,2024-10-16,42,0,4571790,0,67219,NA,NA,16297074
Midwest,2024-10-17,42,0,4571790,0,67219,NA,NA,16297074
Midwest,2024-10-18,42,0,4571790,0,67219,NA,NA,16297074
Midwest,2024-10-19,42,724,4572514,5,67224,NA,NA,16297074
Midwest,2024-10-20,43,0,4572514,0,67224,NA,NA,16297074
Midwest,2024-10-21,43,0,4572514,0,67224,NA,NA,16297074
Midwest,2024-10-22,43,0,4572514,0,67224,NA,NA,16297074
Midwest,2024-10-23,43,0,4572514,0,67224,NA,NA,16297074
Midwest,2024-10-24,43,0,4572514,0,67224,NA,NA,16297074
Midwest,2024-10-25,43,0,4572514,0,67224,NA,NA,16297074
Midwest,2024-10-26,43,1905,4574419,27,67251,NA,NA,16297074
Midwest,2024-10-27,44,0,4574419,0,67251,NA,NA,16297074
Midwest,2024-10-28,44,0,4574419,0,67251,NA,NA,16297074
Midwest,2024-10-29,44,0,4574419,0,67251,NA,NA,16297074
Midwest,2024-10-30,44,0,4574419,0,67251,NA,NA,16297074
Midwest,2024-10-31,44,0,4574419,0,67251,NA,NA,16297074
Midwest,2024-11-01,44,0,4574419,0,67251,NA,NA,16297074
Midwest,2024-11-02,44,255,4574674,1,67252,NA,NA,16297074
Midwest,2024-11-03,45,0,4574674,0,67252,NA,NA,16297074
Midwest,2024-11-04,45,0,4574674,0,67252,NA,NA,16297074
Midwest,2024-11-05,45,0,4574674,0,67252,NA,NA,16297074
Midwest,2024-11-06,45,0,4574674,0,67252,NA,NA,16297074
Midwest,2024-11-07,45,0,4574674,0,67252,NA,NA,16297074
Midwest,2024-11-08,45,0,4574674,0,67252,NA,NA,16297074
Midwest,2024-11-09,45,306,4574980,1,67253,NA,NA,16297074
Midwest,2024-11-10,46,0,4574980,0,67253,NA,NA,16297074
Midwest,2024-11-11,46,0,4574980,0,67253,NA,NA,16297074
Midwest,2024-11-12,46,0,4574980,0,67253,NA,NA,16297074
Midwest,2024-11-13,46,0,4574980,0,67253,NA,NA,16297074
Midwest,2024-11-14,46,0,4574980,0,67253,NA,NA,16297074
Midwest,2024-11-15,46,0,4574980,0,67253,NA,NA,16297074
Midwest,2024-11-16,46,133,4575113,0,67253,NA,NA,16297074
Midwest,2024-11-17,47,0,4575113,0,67253,NA,NA,16297074
Midwest,2024-11-18,47,0,4575113,0,67253,NA,NA,16297074
Midwest,2024-11-19,47,0,4575113,0,67253,NA,NA,16297074
Midwest,2024-11-20,47,0,4575113,0,67253,NA,NA,16297074
Midwest,2024-11-21,47,0,4575113,0,67253,NA,NA,16297074
Midwest,2024-11-22,47,0,4575113,0,67253,NA,NA,16297074
Midwest,2024-11-23,47,310,4575423,3,67256,NA,NA,16297074
Midwest,2024-11-24,48,0,4575423,0,67256,NA,NA,16297074
Midwest,2024-11-25,48,0,4575423,0,67256,NA,NA,16297074
Midwest,2024-11-26,48,0,4575423,0,67256,NA,NA,16297074
Midwest,2024-11-27,48,0,4575423,0,67256,NA,NA,16297074
Midwest,2024-11-28,48,0,4575423,0,67256,NA,NA,16297074
Midwest,2024-11-29,48,0,4575423,0,67256,NA,NA,16297074
Midwest,2024-11-30,48,215,4575638,5,67261,NA,NA,16297074
Midwest,2024-12-01,49,0,4575638,0,67261,NA,NA,16297074
Midwest,2024-12-02,49,0,4575638,0,67261,NA,NA,16297074
Midwest,2024-12-03,49,0,4575638,0,67261,NA,NA,16297074
Midwest,2024-12-04,49,0,4575638,0,67261,NA,NA,16297074
Midwest,2024-12-05,49,0,4575638,0,67261,NA,NA,16297074
Midwest,2024-12-06,49,0,4575638,0,67261,NA,NA,16297074
Midwest,2024-12-07,49,215,4575853,2,67263,NA,NA,16297074
Midwest,2024-12-08,50,0,4575853,0,67263,NA,NA,16297074
Midwest,2024-12-09,50,0,4575853,0,67263,NA,NA,16297074
Midwest,2024-12-10,50,0,4575853,0,67263,NA,NA,16297074
Midwest,2024-12-11,50,0,4575853,0,67263,NA,NA,16297074
Midwest,2024-12-12,50,0,4575853,0,67263,NA,NA,16297074
Midwest,2024-12-13,50,0,4575853,0,67263,NA,NA,16297074
Midwest,2024-12-14,50,-724,4575129,1,67264,NA,NA,16297074
Midwest,2024-12-15,51,0,4575129,0,67264,NA,NA,16297074
Midwest,2024-12-16,51,0,4575129,0,67264,NA,NA,16297074
Midwest,2024-12-17,51,0,4575129,0,67264,NA,NA,16297074
Midwest,2024-12-18,51,0,4575129,0,67264,NA,NA,16297074
Midwest,2024-12-19,51,0,4575129,0,67264,NA,NA,16297074
Midwest,2024-12-20,51,0,4575129,0,67264,NA,NA,16297074
Midwest,2024-12-21,51,294,4575423,1,67265,NA,NA,16297074
Midwest,2024-12-22,52,0,4575423,0,67265,NA,NA,16297074
Midwest,2024-12-23,52,0,4575423,0,67265,NA,NA,16297074
Midwest,2024-12-24,52,0,4575423,0,67265,NA,NA,16297074
Midwest,2024-12-25,52,0,4575423,0,67265,NA,NA,16297074
Midwest,2024-12-26,52,0,4575423,0,67265,NA,NA,16297074
Midwest,2024-12-27,52,0,4575423,0,67265,NA,NA,16297074
Midwest,2024-12-28,52,118,4575541,2,67267,NA,NA,16297074
Midwest,2024-12-29,1,0,4575541,0,67267,NA,NA,16297074
Midwest,2024-12-30,1,0,4575541,0,67267,NA,NA,16297074
Midwest,2024-12-31,1,0,4575541,0,67267,NA,NA,16297074
North,2024-07-01,27,0,2979763,0,52040,NA,NA,18430980
North,2024-07-02,27,0,2979763,0,52040,NA,NA,18430980
North,2024-07-03,27,0,2979763,0,52040,NA,NA,18430980
North,2024-07-04,27,0,2979763,0,52040,NA,NA,18430980
North,2024-07-05,27,0,2979763,0,52040,NA,NA,18430980
North,2024-07-06,27,391,2980154,1,52041,NA,NA,18430980
North,2024-07-07,28,0,2980154,0,52041,NA,NA,18430980
North,2024-07-08,28,0,2980154,0,52041,NA,NA,18430980
North,2024-07-09,28,0,2980154,0,52041,NA,NA,18430980
North,2024-07-10,28,0,2980154,0,52041,NA,NA,18430980
North,2024-07-11,28,0,2980154,0,52041,NA,NA,18430980
North,2024-07-12,28,0,2980154,0,52041,NA,NA,18430980
North,2024-07-13,28,325,2980479,4,52045,NA,NA,18430980
North,2024-07-14,29,0,2980479,0,52045,NA,NA,18430980
North,2024-07-15,29,0,2980479,0,52045,NA,NA,18430980
North,2024-07-16,29,0,2980479,0,52045,NA,NA,18430980
North,2024-07-17,29,0,2980479,0,52045,NA,NA,18430980
North,2024-07-18,29,0,2980479,0,52045,NA,NA,18430980
North,2024-07-19,29,0,2980479,0,52045,NA,NA,18430980
North,2024-07-20,29,398,2980877,2,52047,NA,NA,18430980
North,2024-07-21,30,0,2980877,0,52047,NA,NA,18430980
North,2024-07-22,30,0,2980877,0,52047,NA,NA,18430980
North,2024-07-23,30,0,2980877,0,52047,NA,NA,18430980
North,2024-07-24,30,0,2980877,0,52047,NA,NA,18430980
North,2024-07-25,30,0,2980877,0,52047,NA,NA,18430980
North,2024-07-26,30,0,2980877,0,52047,NA,NA,18430980
North,2024-07-27,30,256,2981133,0,52047,NA,NA,18430980
North,2024-07-28,31,0,2981133,0,52047,NA,NA,18430980
North,2024-07-29,31,0,2981133,0,52047,NA,NA,18430980
North,2024-07-30,31,0,2981133,0,52047,NA,NA,18430980
North,2024-07-31,31,0,2981133,0,52047,NA,NA,18430980
North,2024-08-01,31,0,2981133,0,52047,NA,NA,18430980
North,2024-08-02,31,0,2981133,0,52047,NA,NA,18430980
North,2024-08-03,31,294,2981427,5,52052,NA,NA,18430980
North,2024-08-04,32,0,2981427,0,52052,NA,NA,18430980
North,2024-08-05,32,0,2981427,0,52052,NA,NA,18430980
North,2024-08-06,32,0,2981427,0,52052,NA,NA,18430980
North,2024-08-07,32,0,2981427,0,52052,NA,NA,18430980
North,2024-08-08,32,0,2981427,0,52052,NA,NA,18430980
North,2024-08-09,32,0,2981427,0,52052,NA,NA,18430980
North,2024-08-10,32,107,2981534,2,52054,NA,NA,18430980
North,2024-08-11,33,0,2981534,0,52054,NA,NA,18430980
North,2024-08-12,33,0,2981534,0,52054,NA,NA,18430980
North,2024-08-13,33,0,2981534,0,52054,NA,NA,18430980
North,2024-08-14,33,0,2981534,0,52054,NA,NA,18430980
North,2024-08-15,33,0,2981534,0,52054,NA,NA,18430980
North,2024-08-16,33,0,2981534,0,52054,NA,NA,18430980
North,2024-08-17,33,277,2981811,20,52074,NA,NA,18430980
North,2024-08-18,34,0,2981811,0,52074,NA,NA,18430980
North,2024-08-19,34,0,2981811,0,52074,NA,NA,18430980
North,2024-08-20,34,0,2981811,0,52074,NA,NA,18430980
North,2024-08-21,34,0,2981811,0,52074,NA,NA,18430980
North,2024-08-22,34,0,2981811,0,52074,NA,NA,18430980
North,2024-08-23,34,0,2981811,0,52074,NA,NA,18430980
North,2024-08-24,34,453,2982264,9,52083,NA,NA,18430980
North,2024-08-25,35,0,2982264,0,52083,NA,NA,18430980
North,2024-08-26,35,0,2982264,0,52083,NA,NA,18430980
North,2024-08-27,35,0,2982264,0,52083,NA,NA,18430980
North,2024-08-28,35,0,2982264,0,52083,NA,NA,18430980
North,2024-08-29,35,0,2982264,0,52083,NA,NA,18430980
North,2024-08-30,35,0,2982264,0,52083,NA,NA,18430980
North,2024-08-31,35,76,2982340,2,52085,NA,NA,18430980
North,2024-09-01,36,0,2982340,0,52085,NA,NA,18430980
North,2024-09-02,36,0,2982340,0,52085,NA,NA,18430980
North,2024-09-03,36,0,2982340,0,52085,NA,NA,18430980
North,2024-09-04,36,0,2982340,0,52085,NA,NA,18430980
North,2024-09-05,36,0,2982340,0,52085,NA,NA,18430980
North,2024-09-06,36,0,2982340,0,52085,NA,NA,18430980
North,2024-09-07,36,549,2982889,2,52087,NA,NA,18430980
North,2024-09-08,37,0,2982889,0,52087,NA,NA,18430980
North,2024-09-09,37,0,2982889,0,52087,NA,NA,18430980
North,2024-09-10,37,0,2982889,0,52087,NA,NA,18430980
North,2024-09-11,37,0,2982889,0,52087,NA,NA,18430980
North,2024-09-12,37,0,2982889,0,52087,NA,NA,18430980
North,2024-09-13,37,0,2982889,0,52087,NA,NA,18430980
North,2024-09-14,37,183,2983072,2,52089,NA,NA,18430980
North,2024-09-15,38,0,2983072,0,52089,NA,NA,18430980
North,2024-09-16,38,0,2983072,0,52089,NA,NA,18430980
North,2024-09-17,38,0,2983072,0,52089,NA,NA,18430980
North,2024-09-18,38,0,2983072,0,52089,NA,NA,18430980
North,2024-09-19,38,0,2983072,0,52089,NA,NA,18430980
North,2024-09-20,38,0,2983072,0,52089,NA,NA,18430980
North,2024-09-21,38,374,2983446,2,52091,NA,NA,18430980
North,2024-09-22,39,0,2983446,0,52091,NA,NA,18430980
North,2024-09-23,39,0,2983446,0,52091,NA,NA,18430980
North,2024-09-24,39,0,2983446,0,52091,NA,NA,18430980
North,2024-09-25,39,0,2983446,0,52091,NA,NA,18430980
North,2024-09-26,39,0,2983446,0,52091,NA,NA,18430980
North,2024-09-27,39,0,2983446,0,52091,NA,NA,18430980
North,2024-09-28,39,289,2983735,5,52096,NA,NA,18430980
North,2024-09-29,40,0,2983735,0,52096,NA,NA,18430980
North,2024-09-30,40,0,2983735,0,52096,NA,NA,18430980
North,2024-10-01,40,0,2983735,0,52096,NA,NA,18430980
North,2024-10-02,40,0,2983735,0,52096,NA,NA,18430980
North,2024-10-03,40,0,2983735,0,52096,NA,NA,18430980
North,2024-10-04,40,0,2983735,0,52096,NA,NA,18430980
North,2024-10-05,40,70,2983805,2,52098,NA,NA,18430980
North,2024-10-06,41,0,2983805,0,52098,NA,NA,18430980
North,2024-10-07,41,0,2983805,0,52098,NA,NA,18430980
North,2024-10-08,41,0,2983805,0,52098,NA,NA,18430980
North,2024-10-09,41,0,2983805,0,52098,NA,NA,18430980
North,2024-10-10,41,0,2983805,0,52098,NA,NA,18430980
North,2024-10-11,41,0,2983805,0,52098,NA,NA,18430980
North,2024-10-12,41,33,2983838,4,52102,NA,NA,18430980
North,2024-10-13,42,0,2983838,0,52102,NA,NA,18430980
North,2024-10-14,42,0,2983838,0,52102,NA,NA,18430980
North,2024-10-15,42,0,2983838,0,52102,NA,NA,18430980
North,2024-10-16,42,0,2983838,0,52102,NA,NA,18430980
North,2024-10-17,42,0,2983838,0,52102,NA,NA,18430980
North,2024-10-18,42,0,2983838,0,52102,NA,NA,18430980
North,2024-10-19,42,44,2983882,3,52105,NA,NA,18430980
North,2024-10-20,43,0,2983882,0,52105,NA,NA,18430980
North,2024-10-21,43,0,2983882,0,52105,NA,NA,18430980
North,2024-10-22,43,0,2983882,0,52105,NA,NA,18430980
North,2024-10-23,43,0,2983882,0,52105,NA,NA,18430980
North,2024-10-24,43,0,2983882,0,52105,NA,NA,18430980
North,2024-10-25,43,0,2983882,0,52105,NA,NA,18430980
North,2024-10-26,43,122,2984004,6,52111,NA,NA,18430980
North,2024-10-27,44,0,2984004,0,52111,NA,NA,18430980
North,2024-10-28,44,0,2984004,0,52111,NA,NA,18430980
North,2024-10-29,44,0,2984004,0,52111,NA,NA,18430980
North,2024-10-30,44,0,2984004,0,52111,NA,NA,18430980
North,2024-10-31,44,0,2984004,0,52111,NA,NA,18430980
North,2024-11-01,44,0,2984004,0,52111,NA,NA,18430980
North,2024-11-02,44,37,2984041,3,52114,NA,NA,18430980
North,2024-11-03,45,0,2984041,0,52114,NA,NA,18430980
North,2024-11-04,45,0,2984041,0,52114,NA,NA,18430980
North,2024-11-05,45,0,2984041,0,52114,NA,NA,18430980
North,2024-11-06,45,0,2984041,0,52114,NA,NA,18430980
North,2024-11-07,45,0,2984041,0,52114,NA,NA,18430980
North,2024-11-08,45,0,2984041,0,52114,NA,NA,18430980
North,2024-11-09,45,81,2984122,3,52117,NA,NA,18430980
North,2024-11-10,46,0,2984122,0,52117,NA,NA,18430980
North,2024-11-11,46,0,2984122,0,52117,NA,NA,18430980
North,2024-11-12,46,0,2984122,0,52117,NA,NA,18430980
North,2024-11-13,46,0,2984122,0,52117,NA,NA,18430980
North,2024-11-14,46,0,2984122,0,52117,NA,NA,18430980
North,2024-11-15,46,0,2984122,0,52117,NA,NA,18430980
North,2024-11-16,46,277,2984399,3,52120,NA,NA,18430980
North,2024-11-17,47,0,2984399,0,52120,NA,NA,18430980
North,2024-11-18,47,0,2984399,0,52120,NA,NA,18430980
North,2024-11-19,47,0,2984399,0,52120,NA,NA,18430980
North,2024-11-20,47,0,2984399,0,52120,NA,NA,18430980
North,2024-11-21,47,0,2984399,0,52120,NA,NA,18430980
North,2024-11-22,47,0,2984399,0,52120,NA,NA,18430980
North,2024-11-23,47,104,2984503,6,52126,NA,NA,18430980
North,2024-11-24,48,0,2984503,0,52126,NA,NA,18430980
North,2024-11-25,48,0,2984503,0,52126,NA,NA,18430980
North,2024-11-26,48,0,2984503,0,52126,NA,NA,18430980
North,2024-11-27,48,0,2984503,0,52126,NA,NA,18430980
North,2024-11-28,48,0,2984503,0,52126,NA,NA,18430980
North,2024-11-29,48,0,2984503,0,52126,NA,NA,18430980
North,2024-11-30,48,96,2984599,0,52126,NA,NA,18430980
North,2024-12-01,49,0,2984599,0,52126,NA,NA,18430980
North,2024-12-02,49,0,2984599,0,52126,NA,NA,18430980
North,2024-12-03,49,0,2984599,0,52126,NA,NA,18430980
North,2024-12-04,49,0,2984599,0,52126,NA,NA,18430980
North,2024-12-05,49,0,2984599,0,52126,NA,NA,18430980
North,2024-12-06,49,0,2984599,0,52126,NA,NA,18430980
North,2024-12-07,49,84,2984683,0,52126,NA,NA,18430980
North,2024-12-08,50,0,2984683,0,52126,NA,NA,18430980
North,2024-12-09,50,0,2984683,0,52126,NA,NA,18430980
North,2024-12-10,50,0,2984683,0,52126,NA,NA,18430980
North,2024-12-11,50,0,2984683,0,52126,NA,NA,18430980
North,2024-12-12,50,0,2984683,0,52126,NA,NA,18430980
North,2024-12-13,50,0,2984683,0,52126,NA,NA,18430980
North,2024-12-14,50,187,2984870,2,52128,NA,NA,18430980
North,2024-12-15,51,0,2984870,0,52128,NA,NA,18430980
North,2024-12-16,51,0,2984870,0,52128,NA,NA,18430980
North,2024-12-17,51,0,2984870,0,52128,NA,NA,18430980
North,2024-12-18,51,0,2984870,0,52128,NA,NA,18430980
North,2024-12-19,51,0,2984870,0,52128,NA,NA,18430980
North,2024-12-20,51,0,2984870,0,52128,NA,NA,18430980
North,2024-12-21,51,109,2984979,0,52128,NA,NA,18430980
North,2024-12-22,52,0,2984979,0,52128,NA,NA,18430980
North,2024-12-23,52,0,2984979,0,52128,NA,NA,18430980
North,2024-12-24,52,0,2984979,0,52128,NA,NA,18430980
North,2024-12-25,52,0,2984979,0,52128,NA,NA,18430980
North,2024-12-26,52,0,2984979,0,52128,NA,NA,18430980
North,2024-12-27,52,0,2984979,0,52128,NA,NA,18430980
North,2024-12-28,52,44,2985023,1,52129,NA,NA,18430980
North,2024-12-29,1,0,2985023,0,52129,NA,NA,18430980
North,2024-12-30,1,0,2985023,0,52129,NA,NA,18430980
North,2024-12-31,1,0,2985023,0,52129,NA,NA,18430980
Northeast,2024-07-01,27,0,7562613,0,136869,NA,NA,57071654
Northeast,2024-07-02,27,0,7562613,0,136869,NA,NA,57071654
Northeast,2024-07-03,27,0,7562613,0,136869,NA,NA,57071654
Northeast,2024-07-04,27,0,7562613,0,136869,NA,NA,57071654
Northeast,2024-07-05,27,0,7562613,0,136869,NA,NA,57071654
Northeast,2024-07-06,27,462,7563075,2,136871,NA,NA,57071654
Northeast,2024-07-07,28,0,7563075,0,136871,NA,NA,57071654
Northeast,2024-07-08,28,0,7563075,0,136871,NA,NA,57071654
Northeast,2024-07-09,28,0,7563075,0,136871,NA,NA,57071654
Northeast,2024-07-10,28,0,7563075,0,136871,NA,NA,57071654
Northeast,2024-07-11,28,0,7563075,0,136871,NA,NA,57071654
Northeast,2024-07-12,28,0,7563075,0,136871,NA,NA,57071654
Northeast,2024-07-13,28,1651,7564726,4,136875,NA,NA,57071654
Northeast,2024-07-14,29,0,7564726,0,136875,NA,NA,57071654
Northeast,2024-07-15,29,0,7564726,0,136875,NA,NA,57071654
Northeast,2024-07-16,29,0,7564726,0,136875,NA,NA,57071654
Northeast,2024-07-17,29,0,7564726,0,136875,NA,NA,57071654
Northeast,2024-07-18,29,0,7564726,0,136875,NA,NA,57071654
Northeast,2024-07-19,29,0,7564726,0,136875,NA,NA,57071654
Northeast,2024-07-20,29,505,7565231,1,136876,NA,NA,57071654
Northeast,2024-07-21,30,0,7565231,0,136876,NA,NA,57071654
Northeast,2024-07-22,30,0,7565231,0,136876,NA,NA,57071654
Northeast,2024-07-23,30,0,7565231,0,136876,NA,NA,57071654
Northeast,2024-07-24,30,0,7565231,0,136876,NA,NA,57071654
Northeast,2024-07-25,30,0,7565231,0,136876,NA,NA,57071654
Northeast,2024-07-26,30,0,7565231,0,136876,NA,NA,57071654
Northeast,2024-07-27,30,578,7565809,8,136884,NA,NA,57071654
Northeast,2024-07-28,31,0,7565809,0,136884,NA,NA,57071654
Northeast,2024-07-29,31,0,7565809,0,136884,NA,NA,57071654
Northeast,2024-07-30,31,0,7565809,0,136884,NA,NA,57071654
Northeast,2024-07-31,31,0,7565809,0,136884,NA,NA,57071654
Northeast,2024-08-01,31,0,7565809,0,136884,NA,NA,57071654
Northeast,2024-08-02,31,0,7565809,0,136884,NA,NA,57071654
Northeast,2024-08-03,31,162,7565971,3,136887,NA,NA,57071654
Northeast,2024-08-04,32,0,7565971,0,136887,NA,NA,57071654
Northeast,2024-08-05,32,0,7565971,0,136887,NA,NA,57071654
Northeast,2024-08-06,32,0,7565971,0,136887,NA,NA,57071654
Northeast,2024-08-07,32,0,7565971,0,136887,NA,NA,57071654
Northeast,2024-08-08,32,0,7565971,0,136887,NA,NA,57071654
Northeast,2024-08-09,32,0,7565971,0,136887,NA,NA,57071654
Northeast,2024-08-10,32,853,7566824,13,136900,NA,NA,57071654
Northeast,2024-08-11,33,0,7566824,0,136900,NA,NA,57071654
Northeast,2024-08-12,33,0,7566824,0,136900,NA,NA,57071654
Northeast,2024-08-13,33,0,7566824,0,136900,NA,NA,57071654
Northeast,2024-08-14,33,0,7566824,0,136900,NA,NA,57071654
Northeast,2024-08-15,33,0,7566824,0,136900,NA,NA,57071654
Northeast,2024-08-16,33,0,7566824,0,136900,NA,NA,57071654
Northeast,2024-08-17,33,506,7567330,10,136910,NA,NA,57071654
Northeast,2024-08-18,34,0,7567330,0,136910,NA,NA,57071654
Northeast,2024-08-19,34,0,7567330,0,136910,NA,NA,57071654
Northeast,2024-08-20,34,0,7567330,0,136910,NA,NA,57071654
Northeast,2024-08-21,34,0,7567330,0,136910,NA,NA,57071654
Northeast,2024-08-22,34,0,7567330,0,136910,NA,NA,57071654
Northeast,2024-08-23,34,0,7567330,0,136910,NA,NA,57071654
Northeast,2024-08-24,34,700,7568030,1,136911,NA,NA,57071654
Northeast,2024-08-25,35,0,7568030,0,136911,NA,NA,57071654
Northeast,2024-08-26,35,0,7568030,0,136911,NA,NA,57071654
Northeast,2024-08-27,35,0,7568030,0,136911,NA,NA,57071654
Northeast,2024-08-28,35,0,7568030,0,136911,NA,NA,57071654
Northeast,2024-08-29,35,0,7568030,0,136911,NA,NA,57071654
Northeast,2024-08-30,35,0,7568030,0,136911,NA,NA,57071654
Northeast,2024-08-31,35,121,7568151,4,136915,NA,NA,57071654
Northeast,2024-09-01,36,0,7568151,0,136915,NA,NA,57071654
Northeast,2024-09-02,36,0,7568151,0,136915,NA,NA,57071654
Northeast,2024-09-03,36,0,7568151,0,136915,NA,NA,57071654
Northeast,2024-09-04,36,0,7568151,0,136915,NA,NA,57071654
Northeast,2024-09-05,36,0,7568151,0,136915,NA,NA,57071654
Northeast,2024-09-06,36,0,7568151,0,136915,NA,NA,57071654
Northeast,2024-09-07,36,802,7568953,8,136923,NA,NA,57071654
Northeast,2024-09-08,37,0,7568953,0,136923,NA,NA,57071654
Northeast,2024-09-09,37,0,7568953,0,136923,NA,NA,57071654
Northeast,2024-09-10,37,0,7568953,0,136923,NA,NA,57071654
Northeast,2024-09-11,37,0,7568953,0,136923,NA,NA,57071654
Northeast,2024-09-12,37,0,7568953,0,136923,NA,NA,57071654
Northeast,2024-09-13,37,0,7568953,0,136923,NA,NA,57071654
Northeast,2024-09-14,37,154,7569107,2,136925,NA,NA,57071654
Northeast,2024-09-15,38,0,7569107,0,136925,NA,NA,57071654
Northeast,2024-09-16,38,0,7569107,0,136925,NA,NA,57071654
Northeast,2024-09-17,38,0,7569107,0,136925,NA,NA,57071654
Northeast,2024-09-18,38,0,7569107,0,136925,NA,NA,57071654
Northeast,2024-09-19,38,0,7569107,0,136925,NA,NA,57071654
Northeast,2024-09-20,38,0,7569107,0,136925,NA,NA,57071654
Northeast,2024-09-21,38,142,7569249,3,136928,NA,NA,57071654
Northeast,2024-09-22,39,0,7569249,0,136928,NA,NA,57071654
Northeast,2024-09-23,39,0,7569249,0,136928,NA,NA,57071654
Northeast,2024-09-24,39,0,7569249,0,136928,NA,NA,57071654
Northeast,2024-09-25,39,0,7569249,0,136928,NA,NA,57071654
Northeast,2024-09-26,39,0,7569249,0,136928,NA,NA,57071654
Northeast,2024-09-27,39,0,7569249,0,136928,NA,NA,57071654
Northeast,2024-09-28,39,800,7570049,3,136931,NA,NA,57071654
Northeast,2024-09-29,40,0,7570049,0,136931,NA,NA,57071654
Northeast,2024-09-30,40,0,7570049,0,136931,NA,NA,57071654
Northeast,2024-10-01,40,0,7570049,0,136931,NA,NA,57071654
Northeast,2024-10-02,40,0,7570049,0,136931,NA,NA,57071654
Northeast,2024-10-03,40,0,7570049,0,136931,NA,NA,57071654
Northeast,2024-10-04,40,0,7570049,0,136931,NA,NA,57071654
Northeast,2024-10-05,40,80,7570129,2,136933,NA,NA,57071654
Northeast,2024-10-06,41,0,7570129,0,136933,NA,NA,57071654
Northeast,2024-10-07,41,0,7570129,0,136933,NA,NA,57071654
Northeast,2024-10-08,41,0,7570129,0,136933,NA,NA,57071654
Northeast,2024-10-09,41,0,7570129,0,136933,NA,NA,57071654
Northeast,2024-10-10,41,0,7570129,0,136933,NA,NA,57071654
Northeast,2024-10-11,41,0,7570129,0,136933,NA,NA,57071654
Northeast,2024-10-12,41,886,7571015,10,136943,NA,NA,57071654
Northeast,2024-10-13,42,0,7571015,0,136943,NA,NA,57071654
Northeast,2024-10-14,42,0,7571015,0,136943,NA,NA,57071654
Northeast,2024-10-15,42,0,7571015,0,136943,NA,NA,57071654
Northeast,2024-10-16,42,0,7571015,0,136943,NA,NA,57071654
Northeast,2024-10-17,42,0,7571015,0,136943,NA,NA,57071654
Northeast,2024-10-18,42,0,7571015,0,136943,NA,NA,57071654
Northeast,2024-10-19,42,362,7571377,4,136947,NA,NA,57071654
Northeast,2024-10-20,43,0,7571377,0,136947,NA,NA,57071654
Northeast,2024-10-21,43,0,7571377,0,136947,NA,NA,57071654
Northeast,2024-10-22,43,0,7571377,0,136947,NA,NA,57071654
Northeast,2024-10-23,43,0,7571377,0,136947,NA,NA,57071654
Northeast,2024-10-24,43,0,7571377,0,136947,NA,NA,57071654
Northeast,2024-10-25,43,0,7571377,0,136947,NA,NA,57071654
Northeast,2024-10-26,43,456,7571833,9,136956,NA,NA,57071654
Northeast,2024-10-27,44,0,7571833,0,136956,NA,NA,57071654
Northeast,2024-10-28,44,0,7571833,0,136956,NA,NA,57071654
Northeast,2024-10-29,44,0,7571833,0,136956,NA,NA,57071654
Northeast,2024-10-30,44,0,7571833,0,136956,NA,NA,57071654
Northeast,2024-10-31,44,0,7571833,0,136956,NA,NA,57071654
Northeast,2024-11-01,44,0,7571833,0,136956,NA,NA,57071654
Northeast,2024-11-02,44,124,7571957,1,136957,NA,NA,57071654
Northeast,2024-11-03,45,0,7571957,0,136957,NA,NA,57071654
Northeast,2024-11-04,45,0,7571957,0,136957,NA,NA,57071654
Northeast,2024-11-05,45,0,7571957,0,136957,NA,NA,57071654
Northeast,2024-11-06,45,0,7571957,0,136957,NA,NA,57071654
Northeast,2024-11-07,45,0,7571957,0,136957,NA,NA,57071654
Northeast,2024-11-08,45,0,7571957,0,136957,NA,NA,57071654
Northeast,2024-11-09,45,124,7572081,5,136962,NA,NA,57071654
Northeast,2024-11-10,46,0,7572081,0,136962,NA,NA,57071654
Northeast,2024-11-11,46,0,7572081,0,136962,NA,NA,57071654
Northeast,2024-11-12,46,0,7572081,0,136962,NA,NA,57071654
Northeast,2024-11-13,46,0,7572081,0,136962,NA,NA,57071654
Northeast,2024-11-14,46,0,7572081,0,136962,NA,NA,57071654
Northeast,2024-11-15,46,0,7572081,0,136962,NA,NA,57071654
Northeast,2024-11-16,46,730,7572811,4,136966,NA,NA,57071654
Northeast,2024-11-17,47,0,7572811,0,136966,NA,NA,57071654
Northeast,2024-11-18,47,0,7572811,0,136966,NA,NA,57071654
Northeast,2024-11-19,47,0,7572811,0,136966,NA,NA,57071654
Northeast,2024-11-20,47,0,7572811,0,136966,NA,NA,57071654
Northeast,2024-11-21,47,0,7572811,0,136966,NA,NA,57071654
Northeast,2024-11-22,47,0,7572811,0,136966,NA,NA,57071654
Northeast,2024-11-23,47,206,7573017,0,136966,NA,NA,57071654
Northeast,2024-11-24,48,0,7573017,0,136966,NA,NA,57071654
Northeast,2024-11-25,48,0,7573017,0,136966,NA,NA,57071654
Northeast,2024-11-26,48,0,7573017,0,136966,NA,NA,57071654
Northeast,2024-11-27,48,0,7573017,0,136966,NA,NA,57071654
Northeast,2024-11-28,48,0,7573017,0,136966,NA,NA,57071654
Northeast,2024-11-29,48,0,7573017,0,136966,NA,NA,57071654
Northeast,2024-11-30,48,1781,7574798,29,136995,NA,NA,57071654
Northeast,2024-12-01,49,0,7574798,0,136995,NA,NA,57071654
Northeast,2024-12-02,49,0,7574798,0,136995,NA,NA,57071654
Northeast,2024-12-03,49,0,7574798,0,136995,NA,NA,57071654
Northeast,2024-12-04,49,0,7574798,0,136995,NA,NA,57071654
Northeast,2024-12-05,49,0,7574798,0,136995,NA,NA,57071654
Northeast,2024-12-06,49,0,7574798,0,136995,NA,NA,57071654
Northeast,2024-12-07,49,9737,7584535,3,136998,NA,NA,57071654
Northeast,2024-12-08,50,0,7584535,0,136998,NA,NA,57071654
Northeast,2024-12-09,50,0,7584535,0,136998,NA,NA,57071654
Northeast,2024-12-10,50,0,7584535,0,136998,NA,NA,57071654
Northeast,2024-12-11,50,0,7584535,0,136998,NA,NA,57071654
Northeast,2024-12-12,50,0,7584535,0,136998,NA,NA,57071654
Northeast,2024-12-13,50,0,7584535,0,136998,NA,NA,57071654
Northeast,2024-12-14,50,980,7585515,5,137003,NA,NA,57071654
Northeast,2024-12-15,51,0,7585515,0,137003,NA,NA,57071654
Northeast,2024-12-16,51,0,7585515,0,137003,NA,NA,57071654
Northeast,2024-12-17,51,0,7585515,0,137003,NA,NA,57071654
Northeast,2024-12-18,51,0,7585515,0,137003,NA,NA,57071654
Northeast,2024-12-19,51,0,7585515,0,137003,NA,NA,57071654
Northeast,2024-12-20,51,0,7585515,0,137003,NA,NA,57071654
Northeast,2024-12-21,51,699,7586214,7,137010,NA,NA,57071654
Northeast,2024-12-22,52,0,7586214,0,137010,NA,NA,57071654
Northeast,2024-12-23,52,0,7586214,0,137010,NA,NA,57071654
Northeast,2024-12-24,52,0,7586214,0,137010,NA,NA,57071654
Northeast,2024-12-25,52,0,7586214,0,137010,NA,NA,57071654
Northeast,2024-12-26,52,0,7586214,0,137010,NA,NA,57071654
Northeast,2024-12-27,52,0,7586214,0,137010,NA,NA,57071654
Northeast,2024-12-28,52,275,7586489,1,137011,NA,NA,57071654
Northeast,2024-12-29,1,0,7586489,0,137011,NA,NA,57071654
Northeast,2024-12-30,1,0,7586489,0,137011,NA,NA,57071654
Northeast,2024-12-31,1,0,7586489,0,137011,NA,NA,57071654
South,2024-07-01,27,0,8243445,0,113047,NA,NA,29975984
South,2024-07-02,27,0,8243445,0,113047,NA,NA,29975984
South,2024-07-03,27,0,8243445,0,113047,NA,NA,29975984
South,2024-07-04,27,0,8243445,0,113047,NA,NA,29975984
South,2024-07-05,27,0,8243445,0,113047,NA,NA,29975984
South,2024-07-06,27,649,8244094,6,113053,NA,NA,29975984
South,2024-07-07,28,0,8244094,0,113053,NA,NA,29975984
South,2024-07-08,28,0,8244094,0,113053,NA,NA,29975984
South,2024-07-09,28,0,8244094,0,113053,NA,NA,29975984
South,2024-07-10,28,0,8244094,0,113053,NA,NA,29975984
South,2024-07-11,28,0,8244094,0,113053,NA,NA,29975984
South,2024-07-12,28,0,8244094,0,113053,NA,NA,29975984
South,2024-07-13,28,581,8244675,3,113056,NA,NA,29975984
South,2024-07-14,29,0,8244675,0,113056,NA,NA,29975984
South,2024-07-15,29,0,8244675,0,113056,NA,NA,29975984
South,2024-07-16,29,0,8244675,0,113056,NA,NA,29975984
South,2024-07-17,29,0,8244675,0,113056,NA,NA,29975984
South,2024-07-18,29,0,8244675,0,113056,NA,NA,29975984
South,2024-07-19,29,0,8244675,0,113056,NA,NA,29975984
South,2024-07-20,29,717,8245392,0,113056,NA,NA,29975984
South,2024-07-21,30,0,8245392,0,113056,NA,NA,29975984
South,2024-07-22,30,0,8245392,0,113056,NA,NA,29975984
South,2024-07-23,30,0,8245392,0,113056,NA,NA,29975984
South,2024-07-24,30,0,8245392,0,113056,NA,NA,29975984
South,2024-07-25,30,0,8245392,0,113056,NA,NA,29975984
South,2024-07-26,30,0,8245392,0,113056,NA,NA,29975984
South,2024-07-27,30,708,8246100,-1,113055,NA,NA,29975984
South,2024-07-28,31,0,8246100,0,113055,NA,NA,29975984
South,2024-07-29,31,0,8246100,0,113055,NA,NA,29975984
South,2024-07-30,31,0,8246100,0,113055,NA,NA,29975984
South,2024-07-31,31,0,8246100,0,113055,NA,NA,29975984
South,2024-08-01,31,0,8246100,0,113055,NA,NA,29975984
South,2024-08-02,31,0,8246100,0,113055,NA,NA,29975984
South,2024-08-03,31,125,8246225,2,113057,NA,NA,29975984
South,2024-08-04,32,0,8246225,0,113057,NA,NA,29975984
South,2024-08-05,32,0,8246225,0,113057,NA,NA,29975984
South,2024-08-06,32,0,8246225,0,113057,NA,NA,29975984
South,2024-08-07,32,0,8246225,0,113057,NA,NA,29975984
South,2024-08-08,32,0,8246225,0,113057,NA,NA,29975984
South,2024-08-09,32,0,8246225,0,113057,NA,NA,29975984
South,2024-08-10,32,1071,8247296,6,113063,NA,NA,29975984
South,2024-08-11,33,0,8247296,0,113063,NA,NA,29975984
South,2024-08-12,33,0,8247296,0,113063,NA,NA,29975984
South,2024-08-13,33,0,8247296,0,113063,NA,NA,29975984
South,2024-08-14,33,0,8247296,0,113063,NA,NA,29975984
South,2024-08-15,33,0,8247296,0,113063,NA,NA,29975984
South,2024-08-16,33,0,8247296,0,113063,NA,NA,29975984
South,2024-08-17,33,341,8247637,3,113066,NA,NA,29975984
South,2024-08-18,34,0,8247637,0,113066,NA,NA,29975984
South,2024-08-19,34,0,8247637,0,113066,NA,NA,29975984
South,2024-08-20,34,0,8247637,0,113066,NA,NA,29975984
South,2024-08-21,34,0,8247637,0,113066,NA,NA,29975984
South,2024-08-22,34,0,8247637,0,113066,NA,NA,29975984
South,2024-08-23,34,0,8247637,0,113066,NA,NA,29975984
South,2024-08-24,34,2029,8249666,-3,113063,NA,NA,29975984
South,2024-08-25,35,0,8249666,0,113063,NA,NA,29975984
South,2024-08-26,35,0,8249666,0,113063,NA,NA,29975984
South,2024-08-27,35,0,8249666,0,113063,NA,NA,29975984
South,2024-08-28,35,0,8249666,0,113063,NA,NA,29975984
South,2024-08-29,35,0,8249666,0,113063,NA,NA,29975984
South,2024-08-30,35,0,8249666,0,113063,NA,NA,29975984
South,2024-08-31,35,714,8250380,-2,113061,NA,NA,29975984
South,2024-09-01,36,0,8250380,0,113061,NA,NA,29975984
South,2024-09-02,36,0,8250380,0,113061,NA,NA,29975984
South,2024-09-03,36,0,8250380,0,113061,NA,NA,29975984
South,2024-09-04,36,0,8250380,0,113061,NA,NA,29975984
South,2024-09-05,36,0,8250380,0,113061,NA,NA,29975984
South,2024-09-06,36,0,8250380,0,113061,NA,NA,29975984
South,2024-09-07,36,1273,8251653,18,113079,NA,NA,29975984
South,2024-09-08,37,0,8251653,0,113079,NA,NA,29975984
South,2024-09-09,37,0,8251653,0,113079,NA,NA,29975984
South,2024-09-10,37,0,8251653,0,113079,NA,NA,29975984
South,2024-09-11,37,0,8251653,0,113079,NA,NA,29975984
South,2024-09-12,37,0,8251653,0,113079,NA,NA,29975984
South,2024-09-13,37,0,8251653,0,113079,NA,NA,29975984
South,2024-09-14,37,1073,8252726,6,113085,NA,NA,29975984
South,2024-09-15,38,0,8252726,0,113085,NA,NA,29975984
South,2024-09-16,38,0,8252726,0,113085,NA,NA,29975984
South,2024-09-17,38,0,8252726,0,113085,NA,NA,29975984
South,2024-09-18,38,0,8252726,0,113085,NA,NA,29975984
South,2024-09-19,38,0,8252726,0,113085,NA,NA,29975984
South,2024-09-20,38,0,8252726,0,113085,NA,NA,29975984
South,2024-09-21,38,2580,8255306,68,113153,NA,NA,29975984
South,2024-09-22,39,0,8255306,0,113153,NA,NA,29975984
South,2024-09-23,39,0,8255306,0,113153,NA,NA,29975984
South,2024-09-24,39,0,8255306,0,113153,NA,NA,29975984
South,2024-09-25,39,0,8255306,0,113153,NA,NA,29975984
South,2024-09-26,39,0,8255306,0,113153,NA,NA,29975984
South,2024-09-27,39,0,8255306,0,113153,NA,NA,29975984
South,2024-09-28,39,2045,8257351,1,113154,NA,NA,29975984
South,2024-09-29,40,0,8257351,0,113154,NA,NA,29975984
South,2024-09-30,40,0,8257351,0,113154,NA,NA,29975984
South,2024-10-01,40,0,8257351,0,113154,NA,NA,29975984
South,2024-10-02,40,0,8257351,0,113154,NA,NA,29975984
South,2024-10-03,40,0,8257351,0,113154,NA,NA,29975984
South,2024-10-04,40,0,8257351,0,113154,NA,NA,29975984
South,2024-10-05,40,553,8257904,9,113163,NA,NA,29975984
South,2024-10-06,41,0,8257904,0,113163,NA,NA,29975984
South,2024-10-07,41,0,8257904,0,113163,NA,NA,29975984
South,2024-10-08,41,0,8257904,0,113163,NA,NA,29975984
South,2024-10-09,41,0,8257904,0,113163,NA,NA,29975984
South,2024-10-10,41,0,8257904,0,113163,NA,NA,29975984
South,2024-10-11,41,0,8257904,0,113163,NA,NA,29975984
South,2024-10-12,41,1613,8259517,15,113178,NA,NA,29975984
South,2024-10-13,42,0,8259517,0,113178,NA,NA,29975984
South,2024-10-14,42,0,8259517,0,113178,NA,NA,29975984
South,2024-10-15,42,0,8259517,0,113178,NA,NA,29975984
South,2024-10-16,42,0,8259517,0,113178,NA,NA,29975984
South,2024-10-17,42,0,8259517,0,113178,NA,NA,29975984
South,2024-10-18,42,0,8259517,0,113178,NA,NA,29975984
South,2024-10-19,42,1423,8260940,5,113183,NA,NA,29975984
South,2024-10-20,43,0,8260940,0,113183,NA,NA,29975984
South,2024-10-21,43,0,8260940,0,113183,NA,NA,29975984
South,2024-10-22,43,0,8260940,0,113183,NA,NA,29975984
South,2024-10-23,43,0,8260940,0,113183,NA,NA,29975984
South,2024-10-24,43,0,8260940,0,113183,NA,NA,29975984
South,2024-10-25,43,0,8260940,0,113183,NA,NA,29975984
South,2024-10-26,43,3996,8264936,9,113192,NA,NA,29975984
South,2024-10-27,44,0,8264936,0,113192,NA,NA,29975984
South,2024-10-28,44,0,8264936,0,113192,NA,NA,29975984
South,2024-10-29,44,0,8264936,0,113192,NA,NA,29975984
South,2024-10-30,44,0,8264936,0,113192,NA,NA,29975984
South,2024-10-31,44,0,8264936,0,113192,NA,NA,29975984
South,2024-11-01,44,0,8264936,0,113192,NA,NA,29975984
South,2024-11-02,44,1727,8266663,26,113218,NA,NA,29975984
South,2024-11-03,45,0,8266663,0,113218,NA,NA,29975984
South,2024-11-04,45,0,8266663,0,113218,NA,NA,29975984
South,2024-11-05,45,0,8266663,0,113218,NA,NA,29975984
South,2024-11-06,45,0,8266663,0,113218,NA,NA,29975984
South,2024-11-07,45,0,8266663,0,113218,NA,NA,29975984
South,2024-11-08,45,0,8266663,0,113218,NA,NA,29975984
South,2024-11-09,45,4083,8270746,4,113222,NA,NA,29975984
South,2024-11-10,46,0,8270746,0,113222,NA,NA,29975984
South,2024-11-11,46,0,8270746,0,113222,NA,NA,29975984
South,2024-11-12,46,0,8270746,0,113222,NA,NA,29975984
South,2024-11-13,46,0,8270746,0,113222,NA,NA,29975984
South,2024-11-14,46,0,8270746,0,113222,NA,NA,29975984
South,2024-11-15,46,0,8270746,0,113222,NA,NA,29975984
South,2024-11-16,46,2520,8273266,1,113223,NA,NA,29975984
South,2024-11-17,47,0,8273266,0,113223,NA,NA,29975984
South,2024-11-18,47,0,8273266,0,113223,NA,NA,29975984
South,2024-11-19,47,0,8273266,0,113223,NA,NA,29975984
South,2024-11-20,47,0,8273266,0,113223,NA,NA,29975984
South,2024-11-21,47,0,8273266,0,113223,NA,NA,29975984
South,2024-11-22,47,0,8273266,0,113223,NA,NA,29975984
South,2024-11-23,47,2738,8276004,48,113271,NA,NA,29975984
South,2024-11-24,48,0,8276004,0,113271,NA,NA,29975984
South,2024-11-25,48,0,8276004,0,113271,NA,NA,29975984
South,2024-11-26,48,0,8276004,0,113271,NA,NA,29975984
South,2024-11-27,48,0,8276004,0,113271,NA,NA,29975984
South,2024-11-28,48,0,8276004,0,113271,NA,NA,29975984
South,2024-11-29,48,0,8276004,0,113271,NA,NA,29975984
South,2024-11-30,48,5466,8281470,24,113295,NA,NA,29975984
South,2024-12-01,49,0,8281470,0,113295,NA,NA,29975984
South,2024-12-02,49,0,8281470,0,113295,NA,NA,29975984
South,2024-12-03,49,0,8281470,0,113295,NA,NA,29975984
South,2024-12-04,49,0,8281470,0,113295,NA,NA,29975984
South,2024-12-05,49,0,8281470,0,113295,NA,NA,29975984
South,2024-12-06,49,0,8281470,0,113295,NA,NA,29975984
South,2024-12-07,49,3092,8284562,63,113358,NA,NA,29975984
South,2024-12-08,50,0,8284562,0,113358,NA,NA,29975984
South,2024-12-09,50,0,8284562,0,113358,NA,NA,29975984
South,2024-12-10,50,0,8284562,0,113358,NA,NA,29975984
South,2024-12-11,50,0,8284562,0,113358,NA,NA,29975984
South,2024-12-12,50,0,8284562,0,113358,NA,NA,29975984
South,2024-12-13,50,0,8284562,0,113358,NA,NA,29975984
South,2024-12-14,50,2480,8287042,15,113373,NA,NA,29975984
South,2024-12-15,51,0,8287042,0,113373,NA,NA,29975984
South,2024-12-16,51,0,8287042,0,113373,NA,NA,29975984
South,2024-12-17,51,0,8287042,0,113373,NA,NA,29975984
South,2024-12-18,51,0,8287042,0,113373,NA,NA,29975984
South,2024-12-19,51,0,8287042,0,113373,NA,NA,29975984
South,2024-12-20,51,0,8287042,0,113373,NA,NA,29975984
South,2024-12-21,51,697,8287739,2,113375,NA,NA,29975984
South,2024-12-22,52,0,8287739,0,113375,NA,NA,29975984
South,2024-12-23,52,0,8287739,0,113375,NA,NA,29975984
South,2024-12-24,52,0,8287739,0,113375,NA,NA,29975984
South,2024-12-25,52,0,8287739,0,113375,NA,NA,29975984
South,2024-12-26,52,0,8287739,0,113375,NA,NA,29975984
South,2024-12-27,52,0,8287739,0,113375,NA,NA,29975984
South,2024-12-28,52,3100,8290839,38,113413,NA,NA,29975984
South,2024-12-29,1,0,8290839,0,113413,NA,NA,29975984
South,2024-12-30,1,0,8290839,0,113413,NA,NA,29975984
South,2024-12-31,1,0,8290839,0,113413,NA,NA,29975984
Southeast,2024-07-01,27,0,15510163,0,343506,NA,NA,88371433
Southeast,2024-07-02,27,0,15510163,0,343506,NA,NA,88371433
Southeast,2024-07-03,27,0,15510163,0,343506,NA,NA,88371433
Southeast,2024-07-04,27,0,15510163,0,343506,NA,NA,88371433
Southeast,2024-07-05,27,0,15510163,0,343506,NA,NA,88371433
Southeast,2024-07-06,27,815,15510978,6,343512,NA,NA,88371433
Southeast,2024-07-07,28,0,15510978,0,343512,NA,NA,88371433
Southeast,2024-07-08,28,0,15510978,0,343512,NA,NA,88371433
Southeast,2024-07-09,28,0,15510978,0,343512,NA,NA,88371433
Southeast,2024-07-10,28,0,15510978,0,343512,NA,NA,88371433
Southeast,2024-07-11,28,0,15510978,0,343512,NA,NA,88371433
Southeast,2024-07-12,28,0,15510978,0,343512,NA,NA,88371433
Southeast,2024-07-13,28,207,15511185,8,343520,NA,NA,88371433
Southeast,2024-07-14,29,0,15511185,0,343520,NA,NA,88371433
Southeast,2024-07-15,29,0,15511185,0,343520,NA,NA,88371433
Southeast,2024-07-16,29,0,15511185,0,343520,NA,NA,88371433
Southeast,2024-07-17,29,0,15511185,0,343520,NA,NA,88371433
Southeast,2024-07-18,29,0,15511185,0,343520,NA,NA,88371433
Southeast,2024-07-19,29,0,15511185,0,343520,NA,NA,88371433
Southeast,2024-07-20,29,3608,15514793,143,343663,NA,NA,88371433
Southeast,2024-07-21,30,0,15514793,0,343663,NA,NA,88371433
Southeast,2024-07-22,30,0,15514793,0,343663,NA,NA,88371433
Southeast,2024-07-23,30,0,15514793,0,343663,NA,NA,88371433
Southeast,2024-07-24,30,0,15514793,0,343663,NA,NA,88371433
Southeast,2024-07-25,30,0,15514793,0,343663,NA,NA,88371433
Southeast,2024-07-26,30,0,15514793,0,343663,NA,NA,88371433
Southeast,2024-07-27,30,1756,15516549,33,343696,NA,NA,88371433
Southeast,2024-07-28,31,0,15516549,0,343696,NA,NA,88371433
Southeast,2024-07-29,31,0,15516549,0,343696,NA,NA,88371433
Southeast,2024-07-30,31,0,15516549,0,343696,NA,NA,88371433
Southeast,2024-07-31,31,0,15516549,0,343696,NA,NA,88371433
Southeast,2024-08-01,31,0,15516549,0,343696,NA,NA,88371433
Southeast,2024-08-02,31,0,15516549,0,343696,NA,NA,88371433
Southeast,2024-08-03,31,2206,15518755,0,343696,NA,NA,88371433
Southeast,2024-08-04,32,0,15518755,0,343696,NA,NA,88371433
Southeast,2024-08-05,32,0,15518755,0,343696,NA,NA,88371433
Southeast,2024-08-06,32,0,15518755,0,343696,NA,NA,88371433
Southeast,2024-08-07,32,0,15518755,0,343696,NA,NA,88371433
Southeast,2024-08-08,32,0,15518755,0,343696,NA,NA,88371433
Southeast,2024-08-09,32,0,15518755,0,343696,NA,NA,88371433
Southeast,2024-08-10,32,3924,15522679,77,343773,NA,NA,88371433
Southeast,2024-08-11,33,0,15522679,0,343773,NA,NA,88371433
Southeast,2024-08-12,33,0,15522679,0,343773,NA,NA,88371433
Southeast,2024-08-13,33,0,15522679,0,343773,NA,NA,88371433
Southeast,2024-08-14,33,0,15522679,0,343773,NA,NA,88371433
Southeast,2024-08-15,33,0,15522679,0,343773,NA,NA,88371433
Southeast,2024-08-16,33,0,15522679,0,343773,NA,NA,88371433
Southeast,2024-08-17,33,1067,15523746,24,343797,NA,NA,88371433
Southeast,2024-08-18,34,0,15523746,0,343797,NA,NA,88371433
Southeast,2024-08-19,34,0,15523746,0,343797,NA,NA,88371433
Southeast,2024-08-20,34,0,15523746,0,343797,NA,NA,88371433
Southeast,2024-08-21,34,0,15523746,0,343797,NA,NA,88371433
Southeast,2024-08-22,34,0,15523746,0,343797,NA,NA,88371433
Southeast,2024-08-23,34,0,15523746,0,343797,NA,NA,88371433
Southeast,2024-08-24,34,9929,15533675,56,343853,NA,NA,88371433
Southeast,2024-08-25,35,0,15533675,0,343853,NA,NA,88371433
Southeast,2024-08-26,35,0,15533675,0,343853,NA,NA,88371433
Southeast,2024-08-27,35,0,15533675,0,343853,NA,NA,88371433
Southeast,2024-08-28,35,0,15533675,0,343853,NA,NA,88371433
Southeast,2024-08-29,35,0,15533675,0,343853,NA,NA,88371433
Southeast,2024-08-30,35,0,15533675,0,343853,NA,NA,88371433
Southeast,2024-08-31,35,4859,15538534,75,343928,NA,NA,88371433
Southeast,2024-09-01,36,0,15538534,0,343928,NA,NA,88371433
Southeast,2024-09-02,36,0,15538534,0,343928,NA,NA,88371433
Southeast,2024-09-03,36,0,15538534,0,343928,NA,NA,88371433
Southeast,2024-09-04,36,0,15538534,0,343928,NA,NA,88371433
Southeast,2024-09-05,36,0,15538534,0,343928,NA,NA,88371433
Southeast,2024-09-06,36,0,15538534,0,343928,NA,NA,88371433
Southeast,2024-09-07,36,7735,15546269,12,343940,NA,NA,88371433
Southeast,2024-09-08,37,0,15546269,0,343940,NA,NA,88371433
Southeast,2024-09-09,37,0,15546269,0,343940,NA,NA,88371433
Southeast,2024-09-10,37,0,15546269,0,343940,NA,NA,88371433
Southeast,2024-09-11,37,0,15546269,0,343940,NA,NA,88371433
Southeast,2024-09-12,37,0,15546269,0,343940,NA,NA,88371433
Southeast,2024-09-13,37,0,15546269,0,343940,NA,NA,88371433
Southeast,2024-09-14,37,3124,15549393,18,343958,NA,NA,88371433
Southeast,2024-09-15,38,0,15549393,0,343958,NA,NA,88371433
Southeast,2024-09-16,38,0,15549393,0,343958,NA,NA,88371433
Southeast,2024-09-17,38,0,15549393,0,343958,NA,NA,88371433
Southeast,2024-09-18,38,0,15549393,0,343958,NA,NA,88371433
Southeast,2024-09-19,38,0,15549393,0,343958,NA,NA,88371433
Southeast,2024-09-20,38,0,15549393,0,343958,NA,NA,88371433
Southeast,2024-09-21,38,12343,15561736,193,344151,NA,NA,88371433
Southeast,2024-09-22,39,0,15561736,0,344151,NA,NA,88371433
Southeast,2024-09-23,39,0,15561736,0,344151,NA,NA,88371433
Southeast,2024-09-24,39,0,15561736,0,344151,NA,NA,88371433
Southeast,2024-09-25,39,0,15561736,0,344151,NA,NA,88371433
Southeast,2024-09-26,39,0,15561736,0,344151,NA,NA,88371433
Southeast,2024-09-27,39,0,15561736,0,344151,NA,NA,88371433
Southeast,2024-09-28,39,7757,15569493,62,344213,NA,NA,88371433
Southeast,2024-09-29,40,0,15569493,0,344213,NA,NA,88371433
Southeast,2024-09-30,40,0,15569493,0,344213,NA,NA,88371433
Southeast,2024-10-01,40,0,15569493,0,344213,NA,NA,88371433
Southeast,2024-10-02,40,0,15569493,0,344213,NA,NA,88371433
Southeast,2024-10-03,40,0,15569493,0,344213,NA,NA,88371433
Southeast,2024-10-04,40,0,15569493,0,344213,NA,NA,88371433
Southeast,2024-10-05,40,2842,15572335,6,344219,NA,NA,88371433
Southeast,2024-10-06,41,0,15572335,0,344219,NA,NA,88371433
Southeast,2024-10-07,41,0,15572335,0,344219,NA,NA,88371433
Southeast,2024-10-08,41,0,15572335,0,344219,NA,NA,88371433
Southeast,2024-10-09,41,0,15572335,0,344219,NA,NA,88371433
Southeast,2024-10-10,41,0,15572335,0,344219,NA,NA,88371433
Southeast,2024-10-11,41,0,15572335,0,344219,NA,NA,88371433
Southeast,2024-10-12,41,9773,15582108,134,344353,NA,NA,88371433
Southeast,2024-10-13,42,0,15582108,0,344353,NA,NA,88371433
Southeast,2024-10-14,42,0,15582108,0,344353,NA,NA,88371433
Southeast,2024-10-15,42,0,15582108,0,344353,NA,NA,88371433
Southeast,2024-10-16,42,0,15582108,0,344353,NA,NA,88371433
Southeast,2024-10-17,42,0,15582108,0,344353,NA,NA,88371433
Southeast,2024-10-18,42,0,15582108,0,344353,NA,NA,88371433
Southeast,2024-10-19,42,3011,15585119,48,344401,NA,NA,88371433
Southeast,2024-10-20,43,0,15585119,0,344401,NA,NA,88371433
Southeast,2024-10-21,43,0,15585119,0,344401,NA,NA,88371433
Southeast,2024-10-22,43,0,15585119,0,344401,NA,NA,88371433
Southeast,2024-10-23,43,0,15585119,0,344401,NA,NA,88371433
Southeast,2024-10-24,43,0,15585119,0,344401,NA,NA,88371433
Southeast,2024-10-25,43,0,15585119,0,344401,NA,NA,88371433
Southeast,2024-10-26,43,3792,15588911,55,344456,NA,NA,88371433
Southeast,2024-10-27,44,0,15588911,0,344456,NA,NA,88371433
Southeast,2024-10-28,44,0,15588911,0,344456,NA,NA,88371433
Southeast,2024-10-29,44,0,15588911,0,344456,NA,NA,88371433
Southeast,2024-10-30,44,0,15588911,0,344456,NA,NA,88371433
Southeast,2024-10-31,44,0,15588911,0,344456,NA,NA,88371433
Southeast,2024-11-01,44,0,15588911,0,344456,NA,NA,88371433
Southeast,2024-11-02,44,5563,15594474,81,344537,NA,NA,88371433
Southeast,2024-11-03,45,0,15594474,0,344537,NA,NA,88371433
Southeast,2024-11-04,45,0,15594474,0,344537,NA,NA,88371433
Southeast,2024-11-05,45,0,15594474,0,344537,NA,NA,88371433
Southeast,2024-11-06,45,0,15594474,0,344537,NA,NA,88371433
Southeast,2024-11-07,45,0,15594474,0,344537,NA,NA,88371433
Southeast,2024-11-08,45,0,15594474,0,344537,NA,NA,88371433
Southeast,2024-11-09,45,5662,15600136,23,344560,NA,NA,88371433
Southeast,2024-11-10,46,0,15600136,0,344560,NA,NA,88371433
Southeast,2024-11-11,46,0,15600136,0,344560,NA,NA,88371433
Southeast,2024-11-12,46,0,15600136,0,344560,NA,NA,88371433
Southeast,2024-11-13,46,0,15600136,0,344560,NA,NA,88371433
Southeast,2024-11-14,46,0,15600136,0,344560,NA,NA,88371433
Southeast,2024-11-15,46,0,15600136,0,344560,NA,NA,88371433
Southeast,2024-11-16,46,3270,15603406,5,344565,NA,NA,88371433
Southeast,2024-11-17,47,0,15603406,0,344565,NA,NA,88371433
Southeast,2024-11-18,47,0,15603406,0,344565,NA,NA,88371433
Southeast,2024-11-19,47,0,15603406,0,344565,NA,NA,88371433
Southeast,2024-11-20,47,0,15603406,0,344565,NA,NA,88371433
Southeast,2024-11-21,47,0,15603406,0,344565,NA,NA,88371433
Southeast,2024-11-22,47,0,15603406,0,344565,NA,NA,88371433
Southeast,2024-11-23,47,5160,15608566,26,344591,NA,NA,88371433
Southeast,2024-11-24,48,0,15608566,0,344591,NA,NA,88371433
Southeast,2024-11-25,48,0,15608566,0,344591,NA,NA,88371433
Southeast,2024-11-26,48,0,15608566,0,344591,NA,NA,88371433
Southeast,2024-11-27,48,0,15608566,0,344591,NA,NA,88371433
Southeast,2024-11-28,48,0,15608566,0,344591,NA,NA,88371433
Southeast,2024-11-29,48,0,15608566,0,344591,NA,NA,88371433
Southeast,2024-11-30,48,5168,15613734,38,344629,NA,NA,88371433
Southeast,2024-12-01,49,0,15613734,0,344629,NA,NA,88371433
Southeast,2024-12-02,49,0,15613734,0,344629,NA,NA,88371433
Southeast,2024-12-03,49,0,15613734,0,344629,NA,NA,88371433
Southeast,2024-12-04,49,0,15613734,0,344629,NA,NA,88371433
Southeast,2024-12-05,49,0,15613734,0,344629,NA,NA,88371433
Southeast,2024-12-06,49,0,15613734,0,344629,NA,NA,88371433
Southeast,2024-12-07,49,7159,15620893,5,344634,NA,NA,88371433
Southeast,2024-12-08,50,0,15620893,0,344634,NA,NA,88371433
Southeast,2024-12-09,50,0,15620893,0,344634,NA,NA,88371433
Southeast,2024-12-10,50,0,15620893,0,344634,NA,NA,88371433
Southeast,2024-12-11,50,0,15620893,0,344634,NA,NA,88371433
Southeast,2024-12-12,50,0,15620893,0,344634,NA,NA,88371433
Southeast,2024-12-13,50,0,15620893,0,344634,NA,NA,88371433
Southeast,2024-12-14,50,10039,15630932,69,344703,NA,NA,88371433
Southeast,2024-12-15,51,0,15630932,0,344703,NA,NA,88371433
Southeast,2024-12-16,51,0,15630932,0,344703,NA,NA,88371433
Southeast,2024-12-17,51,0,15630932,0,344703,NA,NA,88371433
Southeast,2024-12-18,51,0,15630932,0,344703,NA,NA,88371433
Southeast,2024-12-19,51,0,15630932,0,344703,NA,NA,88371433
Southeast,2024-12-20,51,0,15630932,0,344703,NA,NA,88371433
Southeast,2024-12-21,51,2167,15633099,25,344728,NA,NA,88371433
Southeast,2024-12-22,52,0,15633099,0,344728,NA,NA,88371433
Southeast,2024-12-23,52,0,15633099,0,344728,NA,NA,88371433
Southeast,2024-12-24,52,0,15633099,0,344728,NA,NA,88371433
Southeast,2024-12-25,52,0,15633099,0,344728,NA,NA,88371433
Southeast,2024-12-26,52,0,15633099,0,344728,NA,NA,88371433
Southeast,2024-12-27,52,0,15633099,0,344728,NA,NA,88371433
Southeast,2024-12-28,52,2553,15635652,49,344777,NA,NA,88371433
Southeast,2024-12-29,1,0,15635652,0,344777,NA,NA,88371433
Southeast,2024-12-30,1,0,15635652,0,344777,NA,NA,88371433
Southeast,2024-12-31,1,0,15635652,0,344777,NA,NA,88371433
Midwest,2025-01-01,1,0,4575541,0,67267,NA,NA,16297074
Midwest,2025-01-02,1,0,4575541,0,67267,NA,NA,16297074
Midwest,2025-01-03,1,0,4575541,0,67267,NA,NA,16297074
Midwest,2025-01-04,1,14692,4590233,-102,67165,NA,NA,16297074
Midwest,2025-01-05,2,0,4590233,0,67165,NA,NA,16297074
Midwest,2025-01-06,2,0,4590233,0,67165,NA,NA,16297074
Midwest,2025-01-07,2,0,4590233,0,67165,NA,NA,16297074
Midwest,2025-01-08,2,0,4590233,0,67165,NA,NA,16297074
Midwest,2025-01-09,2,0,4590233,0,67165,NA,NA,16297074
Midwest,2025-01-10,2,0,4590233,0,67165,NA,NA,16297074
Midwest,2025-01-11,2,868,4591101,3,67168,NA,NA,16297074
Midwest,2025-01-12,3,0,4591101,0,67168,NA,NA,16297074
Midwest,2025-01-13,3,0,4591101,0,67168,NA,NA,16297074
Midwest,2025-01-14,3,0,4591101,0,67168,NA,NA,16297074
Midwest,2025-01-15,3,0,4591101,0,67168,NA,NA,16297074
Midwest,2025-01-16,3,0,4591101,0,67168,NA,NA,16297074
Midwest,2025-01-17,3,0,4591101,0,67168,NA,NA,16297074
Midwest,2025-01-18,3,1359,4592460,7,67175,NA,NA,16297074
Midwest,2025-01-19,4,0,4592460,0,67175,NA,NA,16297074
Midwest,2025-01-20,4,0,4592460,0,67175,NA,NA,16297074
Midwest,2025-01-21,4,0,4592460,0,67175,NA,NA,16297074
Midwest,2025-01-22,4,0,4592460,0,67175,NA,NA,16297074
Midwest,2025-01-23,4,0,4592460,0,67175,NA,NA,16297074
Midwest,2025-01-24,4,0,4592460,0,67175,NA,NA,16297074
Midwest,2025-01-25,4,1646,4594106,4,67179,NA,NA,16297074
Midwest,2025-01-26,5,0,4594106,0,67179,NA,NA,16297074
Midwest,2025-01-27,5,0,4594106,0,67179,NA,NA,16297074
Midwest,2025-01-28,5,0,4594106,0,67179,NA,NA,16297074
Midwest,2025-01-29,5,0,4594106,0,67179,NA,NA,16297074
Midwest,2025-01-30,5,0,4594106,0,67179,NA,NA,16297074
Midwest,2025-01-31,5,0,4594106,0,67179,NA,NA,16297074
Midwest,2025-02-01,5,1726,4595832,2,67181,NA,NA,16297074
Midwest,2025-02-02,6,0,4595832,0,67181,NA,NA,16297074
Midwest,2025-02-03,6,0,4595832,0,67181,NA,NA,16297074
Midwest,2025-02-04,6,0,4595832,0,67181,NA,NA,16297074
Midwest,2025-02-05,6,0,4595832,0,67181,NA,NA,16297074
Midwest,2025-02-06,6,0,4595832,0,67181,NA,NA,16297074
Midwest,2025-02-07,6,0,4595832,0,67181,NA,NA,16297074
Midwest,2025-02-08,6,2604,4598436,12,67193,NA,NA,16297074
Midwest,2025-02-09,7,0,4598436,0,67193,NA,NA,16297074
Midwest,2025-02-10,7,0,4598436,0,67193,NA,NA,16297074
Midwest,2025-02-11,7,0,4598436,0,67193,NA,NA,16297074
Midwest,2025-02-12,7,0,4598436,0,67193,NA,NA,16297074
Midwest,2025-02-13,7,0,4598436,0,67193,NA,NA,16297074
Midwest,2025-02-14,7,0,4598436,0,67193,NA,NA,16297074
Midwest,2025-02-15,7,2376,4600812,6,67199,NA,NA,16297074
Midwest,2025-02-16,8,0,4600812,0,67199,NA,NA,16297074
Midwest,2025-02-17,8,0,4600812,0,67199,NA,NA,16297074
Midwest,2025-02-18,8,0,4600812,0,67199,NA,NA,16297074
Midwest,2025-02-19,8,0,4600812,0,67199,NA,NA,16297074
Midwest,2025-02-20,8,0,4600812,0,67199,NA,NA,16297074
Midwest,2025-02-21,8,0,4600812,0,67199,NA,NA,16297074
Midwest,2025-02-22,8,2656,4603468,4,67203,NA,NA,16297074
Midwest,2025-02-23,9,0,4603468,0,67203,NA,NA,16297074
Midwest,2025-02-24,9,0,4603468,0,67203,NA,NA,16297074
Midwest,2025-02-25,9,0,4603468,0,67203,NA,NA,16297074
Midwest,2025-02-26,9,0,4603468,0,67203,NA,NA,16297074
Midwest,2025-02-27,9,0,4603468,0,67203,NA,NA,16297074
Midwest,2025-02-28,9,0,4603468,0,67203,NA,NA,16297074
Midwest,2025-03-01,9,1022,4604490,0,67203,NA,NA,16297074
Midwest,2025-03-02,10,0,4604490,0,67203,NA,NA,16297074
Midwest,2025-03-03,10,0,4604490,0,67203,NA,NA,16297074
Midwest,2025-03-04,10,0,4604490,0,67203,NA,NA,16297074
Midwest,2025-03-05,10,0,4604490,0,67203,NA,NA,16297074
Midwest,2025-03-06,10,0,4604490,0,67203,NA,NA,16297074
Midwest,2025-03-07,10,0,4604490,0,67203,NA,NA,16297074
Midwest,2025-03-08,10,-1072,4603418,46,67249,NA,NA,16297074
Midwest,2025-03-09,11,0,4603418,0,67249,NA,NA,16297074
Midwest,2025-03-10,11,0,4603418,0,67249,NA,NA,16297074
Midwest,2025-03-11,11,0,4603418,0,67249,NA,NA,16297074
Midwest,2025-03-12,11,0,4603418,0,67249,NA,NA,16297074
Midwest,2025-03-13,11,0,4603418,0,67249,NA,NA,16297074
Midwest,2025-03-14,11,0,4603418,0,67249,NA,NA,16297074
Midwest,2025-03-15,11,3028,4606446,3,67252,NA,NA,16297074
Midwest,2025-03-16,12,0,4606446,0,67252,NA,NA,16297074
Midwest,2025-03-17,12,0,4606446,0,67252,NA,NA,16297074
Midwest,2025-03-18,12,0,4606446,0,67252,NA,NA,16297074
Midwest,2025-03-19,12,0,4606446,0,67252,NA,NA,16297074
Midwest,2025-03-20,12,0,4606446,0,67252,NA,NA,16297074
Midwest,2025-03-21,12,0,4606446,0,67252,NA,NA,16297074
Midwest,2025-03-22,12,999,4607445,2,67254,NA,NA,16297074
Midwest,2025-03-23,13,0,4607445,0,67254,NA,NA,16297074
Midwest,2025-03-24,13,0,4607445,0,67254,NA,NA,16297074
Midwest,2025-03-25,13,0,4607445,0,67254,NA,NA,16297074
Midwest,2025-03-26,13,0,4607445,0,67254,NA,NA,16297074
Midwest,2025-03-27,13,0,4607445,0,67254,NA,NA,16297074
Midwest,2025-03-28,13,0,4607445,0,67254,NA,NA,16297074
Midwest,2025-03-29,13,1527,4608972,14,67268,NA,NA,16297074
Midwest,2025-03-30,14,0,4608972,0,67268,NA,NA,16297074
Midwest,2025-03-31,14,0,4608972,0,67268,NA,NA,16297074
Midwest,2025-04-01,14,0,4608972,0,67268,NA,NA,16297074
Midwest,2025-04-02,14,0,4608972,0,67268,NA,NA,16297074
Midwest,2025-04-03,14,0,4608972,0,67268,NA,NA,16297074
Midwest,2025-04-04,14,0,4608972,0,67268,NA,NA,16297074
Midwest,2025-04-05,14,600,4609572,4,67272,NA,NA,16297074
Midwest,2025-04-06,15,0,4609572,0,67272,NA,NA,16297074
Midwest,2025-04-07,15,0,4609572,0,67272,NA,NA,16297074
Midwest,2025-04-08,15,0,4609572,0,67272,NA,NA,16297074
Midwest,2025-04-09,15,0,4609572,0,67272,NA,NA,16297074
Midwest,2025-04-10,15,0,4609572,0,67272,NA,NA,16297074
Midwest,2025-04-11,15,0,4609572,0,67272,NA,NA,16297074
Midwest,2025-04-12,15,-381,4609191,3,67275,NA,NA,16297074
Midwest,2025-04-13,16,0,4609191,0,67275,NA,NA,16297074
Midwest,2025-04-14,16,0,4609191,0,67275,NA,NA,16297074
Midwest,2025-04-15,16,0,4609191,0,67275,NA,NA,16297074
Midwest,2025-04-16,16,0,4609191,0,67275,NA,NA,16297074
Midwest,2025-04-17,16,0,4609191,0,67275,NA,NA,16297074
Midwest,2025-04-18,16,0,4609191,0,67275,NA,NA,16297074
Midwest,2025-04-19,16,195,4609386,2,67277,NA,NA,16297074
Midwest,2025-04-20,17,0,4609386,0,67277,NA,NA,16297074
Midwest,2025-04-21,17,0,4609386,0,67277,NA,NA,16297074
Midwest,2025-04-22,17,0,4609386,0,67277,NA,NA,16297074
Midwest,2025-04-23,17,0,4609386,0,67277,NA,NA,16297074
Midwest,2025-04-24,17,0,4609386,0,67277,NA,NA,16297074
Midwest,2025-04-25,17,0,4609386,0,67277,NA,NA,16297074
Midwest,2025-04-26,17,838,4610224,22,67299,NA,NA,16297074
Midwest,2025-04-27,18,0,4610224,0,67299,NA,NA,16297074
Midwest,2025-04-28,18,0,4610224,0,67299,NA,NA,16297074
Midwest,2025-04-29,18,0,4610224,0,67299,NA,NA,16297074
Midwest,2025-04-30,18,0,4610224,0,67299,NA,NA,16297074
Midwest,2025-05-01,18,0,4610224,0,67299,NA,NA,16297074
Midwest,2025-05-02,18,0,4610224,0,67299,NA,NA,16297074
Midwest,2025-05-03,18,162,4610386,0,67299,NA,NA,16297074
Midwest,2025-05-04,19,0,4610386,0,67299,NA,NA,16297074
Midwest,2025-05-05,19,0,4610386,0,67299,NA,NA,16297074
Midwest,2025-05-06,19,0,4610386,0,67299,NA,NA,16297074
Midwest,2025-05-07,19,0,4610386,0,67299,NA,NA,16297074
Midwest,2025-05-08,19,0,4610386,0,67299,NA,NA,16297074
Midwest,2025-05-09,19,0,4610386,0,67299,NA,NA,16297074
Midwest,2025-05-10,19,1904,4612290,4,67303,NA,NA,16297074
Midwest,2025-05-11,20,0,4612290,0,67303,NA,NA,16297074
Midwest,2025-05-12,20,0,4612290,0,67303,NA,NA,16297074
Midwest,2025-05-13,20,0,4612290,0,67303,NA,NA,16297074
Midwest,2025-05-14,20,0,4612290,0,67303,NA,NA,16297074
Midwest,2025-05-15,20,0,4612290,0,67303,NA,NA,16297074
Midwest,2025-05-16,20,0,4612290,0,67303,NA,NA,16297074
Midwest,2025-05-17,20,603,4612893,10,67313,NA,NA,16297074
Midwest,2025-05-18,21,0,4612893,0,67313,NA,NA,16297074
Midwest,2025-05-19,21,0,4612893,0,67313,NA,NA,16297074
Midwest,2025-05-20,21,0,4612893,0,67313,NA,NA,16297074
Midwest,2025-05-21,21,0,4612893,0,67313,NA,NA,16297074
Midwest,2025-05-22,21,0,4612893,0,67313,NA,NA,16297074
Midwest,2025-05-23,21,0,4612893,0,67313,NA,NA,16297074
Midwest,2025-05-24,21,220,4613113,3,67316,NA,NA,16297074
Midwest,2025-05-25,22,0,4613113,0,67316,NA,NA,16297074
Midwest,2025-05-26,22,0,4613113,0,67316,NA,NA,16297074
Midwest,2025-05-27,22,0,4613113,0,67316,NA,NA,16297074
Midwest,2025-05-28,22,0,4613113,0,67316,NA,NA,16297074
Midwest,2025-05-29,22,0,4613113,0,67316,NA,NA,16297074
Midwest,2025-05-30,22,0,4613113,0,67316,NA,NA,16297074
Midwest,2025-05-31,22,53,4613166,1,67317,NA,NA,16297074
Midwest,2025-06-01,23,0,4613166,0,67317,NA,NA,16297074
Midwest,2025-06-02,23,0,4613166,0,67317,NA,NA,16297074
Midwest,2025-06-03,23,0,4613166,0,67317,NA,NA,16297074
Midwest,2025-06-04,23,0,4613166,0,67317,NA,NA,16297074
Midwest,2025-06-05,23,0,4613166,0,67317,NA,NA,16297074
Midwest,2025-06-06,23,0,4613166,0,67317,NA,NA,16297074
Midwest,2025-06-07,23,120,4613286,2,67319,NA,NA,16297074
Midwest,2025-06-08,24,0,4613286,0,67319,NA,NA,16297074
Midwest,2025-06-09,24,0,4613286,0,67319,NA,NA,16297074
Midwest,2025-06-10,24,0,4613286,0,67319,NA,NA,16297074
Midwest,2025-06-11,24,0,4613286,0,67319,NA,NA,16297074
Midwest,2025-06-12,24,0,4613286,0,67319,NA,NA,16297074
Midwest,2025-06-13,24,0,4613286,0,67319,NA,NA,16297074
Midwest,2025-06-14,24,364,4613650,3,67322,NA,NA,16297074
Midwest,2025-06-15,25,0,4613650,0,67322,NA,NA,16297074
Midwest,2025-06-16,25,0,4613650,0,67322,NA,NA,16297074
Midwest,2025-06-17,25,0,4613650,0,67322,NA,NA,16297074
Midwest,2025-06-18,25,0,4613650,0,67322,NA,NA,16297074
Midwest,2025-06-19,25,0,4613650,0,67322,NA,NA,16297074
Midwest,2025-06-20,25,0,4613650,0,67322,NA,NA,16297074
Midwest,2025-06-21,25,338,4613988,1,67323,NA,NA,16297074
Midwest,2025-06-22,26,0,4613988,0,67323,NA,NA,16297074
Midwest,2025-06-23,26,0,4613988,0,67323,NA,NA,16297074
Midwest,2025-06-24,26,0,4613988,0,67323,NA,NA,16297074
Midwest,2025-06-25,26,0,4613988,0,67323,NA,NA,16297074
Midwest,2025-06-26,26,0,4613988,0,67323,NA,NA,16297074
Midwest,2025-06-27,26,0,4613988,0,67323,NA,NA,16297074
Midwest,2025-06-28,26,242,4614230,1,67324,NA,NA,16297074
Midwest,2025-06-29,27,0,4614230,0,67324,NA,NA,16297074
Midwest,2025-06-30,27,0,4614230,0,67324,NA,NA,16297074
North,2025-01-01,1,0,2985023,0,52129,NA,NA,18430980
North,2025-01-02,1,0,2985023,0,52129,NA,NA,18430980
North,2025-01-03,1,0,2985023,0,52129,NA,NA,18430980
North,2025-01-04,1,185,2985208,1,52130,NA,NA,18430980
North,2025-01-05,2,0,2985208,0,52130,NA,NA,18430980
North,2025-01-06,2,0,2985208,0,52130,NA,NA,18430980
North,2025-01-07,2,0,2985208,0,52130,NA,NA,18430980
North,2025-01-08,2,0,2985208,0,52130,NA,NA,18430980
North,2025-01-09,2,0,2985208,0,52130,NA,NA,18430980
North,2025-01-10,2,0,2985208,0,52130,NA,NA,18430980
North,2025-01-11,2,991,2986199,4,52134,NA,NA,18430980
North,2025-01-12,3,0,2986199,0,52134,NA,NA,18430980
North,2025-01-13,3,0,2986199,0,52134,NA,NA,18430980
North,2025-01-14,3,0,2986199,0,52134,NA,NA,18430980
North,2025-01-15,3,0,2986199,0,52134,NA,NA,18430980
North,2025-01-16,3,0,2986199,0,52134,NA,NA,18430980
North,2025-01-17,3,0,2986199,0,52134,NA,NA,18430980
North,2025-01-18,3,562,2986761,12,52146,NA,NA,18430980
North,2025-01-19,4,0,2986761,0,52146,NA,NA,18430980
North,2025-01-20,4,0,2986761,0,52146,NA,NA,18430980
North,2025-01-21,4,0,2986761,0,52146,NA,NA,18430980
North,2025-01-22,4,0,2986761,0,52146,NA,NA,18430980
North,2025-01-23,4,0,2986761,0,52146,NA,NA,18430980
North,2025-01-24,4,0,2986761,0,52146,NA,NA,18430980
North,2025-01-25,4,5232,2991993,14,52160,NA,NA,18430980
North,2025-01-26,5,0,2991993,0,52160,NA,NA,18430980
North,2025-01-27,5,0,2991993,0,52160,NA,NA,18430980
North,2025-01-28,5,0,2991993,0,52160,NA,NA,18430980
North,2025-01-29,5,0,2991993,0,52160,NA,NA,18430980
North,2025-01-30,5,0,2991993,0,52160,NA,NA,18430980
North,2025-01-31,5,0,2991993,0,52160,NA,NA,18430980
North,2025-02-01,5,2226,2994219,19,52179,NA,NA,18430980
North,2025-02-02,6,0,2994219,0,52179,NA,NA,18430980
North,2025-02-03,6,0,2994219,0,52179,NA,NA,18430980
North,2025-02-04,6,0,2994219,0,52179,NA,NA,18430980
North,2025-02-05,6,0,2994219,0,52179,NA,NA,18430980
North,2025-02-06,6,0,2994219,0,52179,NA,NA,18430980
North,2025-02-07,6,0,2994219,0,52179,NA,NA,18430980
North,2025-02-08,6,1963,2996182,9,52188,NA,NA,18430980
North,2025-02-09,7,0,2996182,0,52188,NA,NA,18430980
North,2025-02-10,7,0,2996182,0,52188,NA,NA,18430980
North,2025-02-11,7,0,2996182,0,52188,NA,NA,18430980
North,2025-02-12,7,0,2996182,0,52188,NA,NA,18430980
North,2025-02-13,7,0,2996182,0,52188,NA,NA,18430980
North,2025-02-14,7,0,2996182,0,52188,NA,NA,18430980
North,2025-02-15,7,1252,2997434,2,52190,NA,NA,18430980
North,2025-02-16,8,0,2997434,0,52190,NA,NA,18430980
North,2025-02-17,8,0,2997434,0,52190,NA,NA,18430980
North,2025-02-18,8,0,2997434,0,52190,NA,NA,18430980
North,2025-02-19,8,0,2997434,0,52190,NA,NA,18430980
North,2025-02-20,8,0,2997434,0,52190,NA,NA,18430980
North,2025-02-21,8,0,2997434,0,52190,NA,NA,18430980
North,2025-02-22,8,5614,3003048,3,52193,NA,NA,18430980
North,2025-02-23,9,0,3003048,0,52193,NA,NA,18430980
North,2025-02-24,9,0,3003048,0,52193,NA,NA,18430980
North,2025-02-25,9,0,3003048,0,52193,NA,NA,18430980
North,2025-02-26,9,0,3003048,0,52193,NA,NA,18430980
North,2025-02-27,9,0,3003048,0,52193,NA,NA,18430980
North,2025-02-28,9,0,3003048,0,52193,NA,NA,18430980
North,2025-03-01,9,1474,3004522,6,52199,NA,NA,18430980
North,2025-03-02,10,0,3004522,0,52199,NA,NA,18430980
North,2025-03-03,10,0,3004522,0,52199,NA,NA,18430980
North,2025-03-04,10,0,3004522,0,52199,NA,NA,18430980
North,2025-03-05,10,0,3004522,0,52199,NA,NA,18430980
North,2025-03-06,10,0,3004522,0,52199,NA,NA,18430980
North,2025-03-07,10,0,3004522,0,52199,NA,NA,18430980
North,2025-03-08,10,1180,3005702,6,52205,NA,NA,18430980
North,2025-03-09,11,0,3005702,0,52205,NA,NA,18430980
North,2025-03-10,11,0,3005702,0,52205,NA,NA,18430980
North,2025-03-11,11,0,3005702,0,52205,NA,NA,18430980
North,2025-03-12,11,0,3005702,0,52205,NA,NA,18430980
North,2025-03-13,11,0,3005702,0,52205,NA,NA,18430980
North,2025-03-14,11,0,3005702,0,52205,NA,NA,18430980
North,2025-03-15,11,974,3006676,24,52229,NA,NA,18430980
North,2025-03-16,12,0,3006676,0,52229,NA,NA,18430980
North,2025-03-17,12,0,3006676,0,52229,NA,NA,18430980
North,2025-03-18,12,0,3006676,0,52229,NA,NA,18430980
North,2025-03-19,12,0,3006676,0,52229,NA,NA,18430980
North,2025-03-20,12,0,3006676,0,52229,NA,NA,18430980
North,2025-03-21,12,0,3006676,0,52229,NA,NA,18430980
North,2025-03-22,12,912,3007588,12,52241,NA,NA,18430980
North,2025-03-23,13,0,3007588,0,52241,NA,NA,18430980
North,2025-03-24,13,0,3007588,0,52241,NA,NA,18430980
North,2025-03-25,13,0,3007588,0,52241,NA,NA,18430980
North,2025-03-26,13,0,3007588,0,52241,NA,NA,18430980
North,2025-03-27,13,0,3007588,0,52241,NA,NA,18430980
North,2025-03-28,13,0,3007588,0,52241,NA,NA,18430980
North,2025-03-29,13,263,3007851,5,52246,NA,NA,18430980
North,2025-03-30,14,0,3007851,0,52246,NA,NA,18430980
North,2025-03-31,14,0,3007851,0,52246,NA,NA,18430980
North,2025-04-01,14,0,3007851,0,52246,NA,NA,18430980
North,2025-04-02,14,0,3007851,0,52246,NA,NA,18430980
North,2025-04-03,14,0,3007851,0,52246,NA,NA,18430980
North,2025-04-04,14,0,3007851,0,52246,NA,NA,18430980
North,2025-04-05,14,172,3008023,1,52247,NA,NA,18430980
North,2025-04-06,15,0,3008023,0,52247,NA,NA,18430980
North,2025-04-07,15,0,3008023,0,52247,NA,NA,18430980
North,2025-04-08,15,0,3008023,0,52247,NA,NA,18430980
North,2025-04-09,15,0,3008023,0,52247,NA,NA,18430980
North,2025-04-10,15,0,3008023,0,52247,NA,NA,18430980
North,2025-04-11,15,0,3008023,0,52247,NA,NA,18430980
North,2025-04-12,15,92,3008115,-16,52231,NA,NA,18430980
North,2025-04-13,16,0,3008115,0,52231,NA,NA,18430980
North,2025-04-14,16,0,3008115,0,52231,NA,NA,18430980
North,2025-04-15,16,0,3008115,0,52231,NA,NA,18430980
North,2025-04-16,16,0,3008115,0,52231,NA,NA,18430980
North,2025-04-17,16,0,3008115,0,52231,NA,NA,18430980
North,2025-04-18,16,0,3008115,0,52231,NA,NA,18430980
North,2025-04-19,16,33,3008148,2,52233,NA,NA,18430980
North,2025-04-20,17,0,3008148,0,52233,NA,NA,18430980
North,2025-04-21,17,0,3008148,0,52233,NA,NA,18430980
North,2025-04-22,17,0,3008148,0,52233,NA,NA,18430980
North,2025-04-23,17,0,3008148,0,52233,NA,NA,18430980
North,2025-04-24,17,0,3008148,0,52233,NA,NA,18430980
North,2025-04-25,17,0,3008148,0,52233,NA,NA,18430980
North,2025-04-26,17,233,3008381,2,52235,NA,NA,18430980
North,2025-04-27,18,0,3008381,0,52235,NA,NA,18430980
North,2025-04-28,18,0,3008381,0,52235,NA,NA,18430980
North,2025-04-29,18,0,3008381,0,52235,NA,NA,18430980
North,2025-04-30,18,0,3008381,0,52235,NA,NA,18430980
North,2025-05-01,18,0,3008381,0,52235,NA,NA,18430980
North,2025-05-02,18,0,3008381,0,52235,NA,NA,18430980
North,2025-05-03,18,50,3008431,1,52236,NA,NA,18430980
North,2025-05-04,19,0,3008431,0,52236,NA,NA,18430980
North,2025-05-05,19,0,3008431,0,52236,NA,NA,18430980
North,2025-05-06,19,0,3008431,0,52236,NA,NA,18430980
North,2025-05-07,19,0,3008431,0,52236,NA,NA,18430980
North,2025-05-08,19,0,3008431,0,52236,NA,NA,18430980
North,2025-05-09,19,0,3008431,0,52236,NA,NA,18430980
North,2025-05-10,19,20,3008451,1,52237,NA,NA,18430980
North,2025-05-11,20,0,3008451,0,52237,NA,NA,18430980
North,2025-05-12,20,0,3008451,0,52237,NA,NA,18430980
North,2025-05-13,20,0,3008451,0,52237,NA,NA,18430980
North,2025-05-14,20,0,3008451,0,52237,NA,NA,18430980
North,2025-05-15,20,0,3008451,0,52237,NA,NA,18430980
North,2025-05-16,20,0,3008451,0,52237,NA,NA,18430980
North,2025-05-17,20,28,3008479,0,52237,NA,NA,18430980
North,2025-05-18,21,0,3008479,0,52237,NA,NA,18430980
North,2025-05-19,21,0,3008479,0,52237,NA,NA,18430980
North,2025-05-20,21,0,3008479,0,52237,NA,NA,18430980
North,2025-05-21,21,0,3008479,0,52237,NA,NA,18430980
North,2025-05-22,21,0,3008479,0,52237,NA,NA,18430980
North,2025-05-23,21,0,3008479,0,52237,NA,NA,18430980
North,2025-05-24,21,54,3008533,0,52237,NA,NA,18430980
North,2025-05-25,22,0,3008533,0,52237,NA,NA,18430980
North,2025-05-26,22,0,3008533,0,52237,NA,NA,18430980
North,2025-05-27,22,0,3008533,0,52237,NA,NA,18430980
North,2025-05-28,22,0,3008533,0,52237,NA,NA,18430980
North,2025-05-29,22,0,3008533,0,52237,NA,NA,18430980
North,2025-05-30,22,0,3008533,0,52237,NA,NA,18430980
North,2025-05-31,22,1464,3009997,1,52238,NA,NA,18430980
North,2025-06-01,23,0,3009997,0,52238,NA,NA,18430980
North,2025-06-02,23,0,3009997,0,52238,NA,NA,18430980
North,2025-06-03,23,0,3009997,0,52238,NA,NA,18430980
North,2025-06-04,23,0,3009997,0,52238,NA,NA,18430980
North,2025-06-05,23,0,3009997,0,52238,NA,NA,18430980
North,2025-06-06,23,0,3009997,0,52238,NA,NA,18430980
North,2025-06-07,23,103,3010100,2,52240,NA,NA,18430980
North,2025-06-08,24,0,3010100,0,52240,NA,NA,18430980
North,2025-06-09,24,0,3010100,0,52240,NA,NA,18430980
North,2025-06-10,24,0,3010100,0,52240,NA,NA,18430980
North,2025-06-11,24,0,3010100,0,52240,NA,NA,18430980
North,2025-06-12,24,0,3010100,0,52240,NA,NA,18430980
North,2025-06-13,24,0,3010100,0,52240,NA,NA,18430980
North,2025-06-14,24,41,3010141,0,52240,NA,NA,18430980
North,2025-06-15,25,0,3010141,0,52240,NA,NA,18430980
North,2025-06-16,25,0,3010141,0,52240,NA,NA,18430980
North,2025-06-17,25,0,3010141,0,52240,NA,NA,18430980
North,2025-06-18,25,0,3010141,0,52240,NA,NA,18430980
North,2025-06-19,25,0,3010141,0,52240,NA,NA,18430980
North,2025-06-20,25,0,3010141,0,52240,NA,NA,18430980
North,2025-06-21,25,133,3010274,0,52240,NA,NA,18430980
North,2025-06-22,26,0,3010274,0,52240,NA,NA,18430980
North,2025-06-23,26,0,3010274,0,52240,NA,NA,18430980
North,2025-06-24,26,0,3010274,0,52240,NA,NA,18430980
North,2025-06-25,26,0,3010274,0,52240,NA,NA,18430980
North,2025-06-26,26,0,3010274,0,52240,NA,NA,18430980
North,2025-06-27,26,0,3010274,0,52240,NA,NA,18430980
North,2025-06-28,26,59,3010333,0,52240,NA,NA,18430980
North,2025-06-29,27,0,3010333,0,52240,NA,NA,18430980
North,2025-06-30,27,0,3010333,0,52240,NA,NA,18430980
Northeast,2025-01-01,1,0,7586489,0,137011,NA,NA,57071654
Northeast,2025-01-02,1,0,7586489,0,137011,NA,NA,57071654
Northeast,2025-01-03,1,0,7586489,0,137011,NA,NA,57071654
Northeast,2025-01-04,1,874,7587363,15,137026,NA,NA,57071654
Northeast,2025-01-05,2,0,7587363,0,137026,NA,NA,57071654
Northeast,2025-01-06,2,0,7587363,0,137026,NA,NA,57071654
Northeast,2025-01-07,2,0,7587363,0,137026,NA,NA,57071654
Northeast,2025-01-08,2,0,7587363,0,137026,NA,NA,57071654
Northeast,2025-01-09,2,0,7587363,0,137026,NA,NA,57071654
Northeast,2025-01-10,2,0,7587363,0,137026,NA,NA,57071654
Northeast,2025-01-11,2,17881,7605244,10,137036,NA,NA,57071654
Northeast,2025-01-12,3,0,7605244,0,137036,NA,NA,57071654
Northeast,2025-01-13,3,0,7605244,0,137036,NA,NA,57071654
Northeast,2025-01-14,3,0,7605244,0,137036,NA,NA,57071654
Northeast,2025-01-15,3,0,7605244,0,137036,NA,NA,57071654
Northeast,2025-01-16,3,0,7605244,0,137036,NA,NA,57071654
Northeast,2025-01-17,3,0,7605244,0,137036,NA,NA,57071654
Northeast,2025-01-18,3,1921,7607165,9,137045,NA,NA,57071654
Northeast,2025-01-19,4,0,7607165,0,137045,NA,NA,57071654
Northeast,2025-01-20,4,0,7607165,0,137045,NA,NA,57071654
Northeast,2025-01-21,4,0,7607165,0,137045,NA,NA,57071654
Northeast,2025-01-22,4,0,7607165,0,137045,NA,NA,57071654
Northeast,2025-01-23,4,0,7607165,0,137045,NA,NA,57071654
Northeast,2025-01-24,4,0,7607165,0,137045,NA,NA,57071654
Northeast,2025-01-25,4,4240,7611405,24,137069,NA,NA,57071654
Northeast,2025-01-26,5,0,7611405,0,137069,NA,NA,57071654
Northeast,2025-01-27,5,0,7611405,0,137069,NA,NA,57071654
Northeast,2025-01-28,5,0,7611405,0,137069,NA,NA,57071654
Northeast,2025-01-29,5,0,7611405,0,137069,NA,NA,57071654
Northeast,2025-01-30,5,0,7611405,0,137069,NA,NA,57071654
Northeast,2025-01-31,5,0,7611405,0,137069,NA,NA,57071654
Northeast,2025-02-01,5,2550,7613955,25,137094,NA,NA,57071654
Northeast,2025-02-02,6,0,7613955,0,137094,NA,NA,57071654
Northeast,2025-02-03,6,0,7613955,0,137094,NA,NA,57071654
Northeast,2025-02-04,6,0,7613955,0,137094,NA,NA,57071654
Northeast,2025-02-05,6,0,7613955,0,137094,NA,NA,57071654
Northeast,2025-02-06,6,0,7613955,0,137094,NA,NA,57071654
Northeast,2025-02-07,6,0,7613955,0,137094,NA,NA,57071654
Northeast,2025-02-08,6,2211,7616166,25,137119,NA,NA,57071654
Northeast,2025-02-09,7,0,7616166,0,137119,NA,NA,57071654
Northeast,2025-02-10,7,0,7616166,0,137119,NA,NA,57071654
Northeast,2025-02-11,7,0,7616166,0,137119,NA,NA,57071654
Northeast,2025-02-12,7,0,7616166,0,137119,NA,NA,57071654
Northeast,2025-02-13,7,0,7616166,0,137119,NA,NA,57071654
Northeast,2025-02-14,7,0,7616166,0,137119,NA,NA,57071654
Northeast,2025-02-15,7,5340,7621506,11,137130,NA,NA,57071654
Northeast,2025-02-16,8,0,7621506,0,137130,NA,NA,57071654
Northeast,2025-02-17,8,0,7621506,0,137130,NA,NA,57071654
Northeast,2025-02-18,8,0,7621506,0,137130,NA,NA,57071654
Northeast,2025-02-19,8,0,7621506,0,137130,NA,NA,57071654
Northeast,2025-02-20,8,0,7621506,0,137130,NA,NA,57071654
Northeast,2025-02-21,8,0,7621506,0,137130,NA,NA,57071654
Northeast,2025-02-22,8,2139,7623645,10,137140,NA,NA,57071654
Northeast,2025-02-23,9,0,7623645,0,137140,NA,NA,57071654
Northeast,2025-02-24,9,0,7623645,0,137140,NA,NA,57071654
Northeast,2025-02-25,9,0,7623645,0,137140,NA,NA,57071654
Northeast,2025-02-26,9,0,7623645,0,137140,NA,NA,57071654
Northeast,2025-02-27,9,0,7623645,0,137140,NA,NA,57071654
Northeast,2025-02-28,9,0,7623645,0,137140,NA,NA,57071654
Northeast,2025-03-01,9,1062,7624707,10,137150,NA,NA,57071654
Northeast,2025-03-02,10,0,7624707,0,137150,NA,NA,57071654
Northeast,2025-03-03,10,0,7624707,0,137150,NA,NA,57071654
Northeast,2025-03-04,10,0,7624707,0,137150,NA,NA,57071654
Northeast,2025-03-05,10,0,7624707,0,137150,NA,NA,57071654
Northeast,2025-03-06,10,0,7624707,0,137150,NA,NA,57071654
Northeast,2025-03-07,10,0,7624707,0,137150,NA,NA,57071654
Northeast,2025-03-08,10,1302,7626009,13,137163,NA,NA,57071654
Northeast,2025-03-09,11,0,7626009,0,137163,NA,NA,57071654
Northeast,2025-03-10,11,0,7626009,0,137163,NA,NA,57071654
Northeast,2025-03-11,11,0,7626009,0,137163,NA,NA,57071654
Northeast,2025-03-12,11,0,7626009,0,137163,NA,NA,57071654
Northeast,2025-03-13,11,0,7626009,0,137163,NA,NA,57071654
Northeast,2025-03-14,11,0,7626009,0,137163,NA,NA,57071654
Northeast,2025-03-15,11,987,7626996,3,137166,NA,NA,57071654
Northeast,2025-03-16,12,0,7626996,0,137166,NA,NA,57071654
Northeast,2025-03-17,12,0,7626996,0,137166,NA,NA,57071654
Northeast,2025-03-18,12,0,7626996,0,137166,NA,NA,57071654
Northeast,2025-03-19,12,0,7626996,0,137166,NA,NA,57071654
Northeast,2025-03-20,12,0,7626996,0,137166,NA,NA,57071654
Northeast,2025-03-21,12,0,7626996,0,137166,NA,NA,57071654
Northeast,2025-03-22,12,1059,7628055,14,137180,NA,NA,57071654
Northeast,2025-03-23,13,0,7628055,0,137180,NA,NA,57071654
Northeast,2025-03-24,13,0,7628055,0,137180,NA,NA,57071654
Northeast,2025-03-25,13,0,7628055,0,137180,NA,NA,57071654
Northeast,2025-03-26,13,0,7628055,0,137180,NA,NA,57071654
Northeast,2025-03-27,13,0,7628055,0,137180,NA,NA,57071654
Northeast,2025-03-28,13,0,7628055,0,137180,NA,NA,57071654
Northeast,2025-03-29,13,349,7628404,5,137185,NA,NA,57071654
Northeast,2025-03-30,14,0,7628404,0,137185,NA,NA,57071654
Northeast,2025-03-31,14,0,7628404,0,137185,NA,NA,57071654
Northeast,2025-04-01,14,0,7628404,0,137185,NA,NA,57071654
Northeast,2025-04-02,14,0,7628404,0,137185,NA,NA,57071654
Northeast,2025-04-03,14,0,7628404,0,137185,NA,NA,57071654
Northeast,2025-04-04,14,0,7628404,0,137185,NA,NA,57071654
Northeast,2025-04-05,14,149,7628553,6,137191,NA,NA,57071654
Northeast,2025-04-06,15,0,7628553,0,137191,NA,NA,57071654
Northeast,2025-04-07,15,0,7628553,0,137191,NA,NA,57071654
Northeast,2025-04-08,15,0,7628553,0,137191,NA,NA,57071654
Northeast,2025-04-09,15,0,7628553,0,137191,NA,NA,57071654
Northeast,2025-04-10,15,0,7628553,0,137191,NA,NA,57071654
Northeast,2025-04-11,15,0,7628553,0,137191,NA,NA,57071654
Northeast,2025-04-12,15,826,7629379,12,137203,NA,NA,57071654
Northeast,2025-04-13,16,0,7629379,0,137203,NA,NA,57071654
Northeast,2025-04-14,16,0,7629379,0,137203,NA,NA,57071654
Northeast,2025-04-15,16,0,7629379,0,137203,NA,NA,57071654
Northeast,2025-04-16,16,0,7629379,0,137203,NA,NA,57071654
Northeast,2025-04-17,16,0,7629379,0,137203,NA,NA,57071654
Northeast,2025-04-18,16,0,7629379,0,137203,NA,NA,57071654
Northeast,2025-04-19,16,161,7629540,3,137206,NA,NA,57071654
Northeast,2025-04-20,17,0,7629540,0,137206,NA,NA,57071654
Northeast,2025-04-21,17,0,7629540,0,137206,NA,NA,57071654
Northeast,2025-04-22,17,0,7629540,0,137206,NA,NA,57071654
Northeast,2025-04-23,17,0,7629540,0,137206,NA,NA,57071654
Northeast,2025-04-24,17,0,7629540,0,137206,NA,NA,57071654
Northeast,2025-04-25,17,0,7629540,0,137206,NA,NA,57071654
Northeast,2025-04-26,17,362,7629902,7,137213,NA,NA,57071654
Northeast,2025-04-27,18,0,7629902,0,137213,NA,NA,57071654
Northeast,2025-04-28,18,0,7629902,0,137213,NA,NA,57071654
Northeast,2025-04-29,18,0,7629902,0,137213,NA,NA,57071654
Northeast,2025-04-30,18,0,7629902,0,137213,NA,NA,57071654
Northeast,2025-05-01,18,0,7629902,0,137213,NA,NA,57071654
Northeast,2025-05-02,18,0,7629902,0,137213,NA,NA,57071654
Northeast,2025-05-03,18,236,7630138,6,137219,NA,NA,57071654
Northeast,2025-05-04,19,0,7630138,0,137219,NA,NA,57071654
Northeast,2025-05-05,19,0,7630138,0,137219,NA,NA,57071654
Northeast,2025-05-06,19,0,7630138,0,137219,NA,NA,57071654
Northeast,2025-05-07,19,0,7630138,0,137219,NA,NA,57071654
Northeast,2025-05-08,19,0,7630138,0,137219,NA,NA,57071654
Northeast,2025-05-09,19,0,7630138,0,137219,NA,NA,57071654
Northeast,2025-05-10,19,408,7630546,8,137227,NA,NA,57071654
Northeast,2025-05-11,20,0,7630546,0,137227,NA,NA,57071654
Northeast,2025-05-12,20,0,7630546,0,137227,NA,NA,57071654
Northeast,2025-05-13,20,0,7630546,0,137227,NA,NA,57071654
Northeast,2025-05-14,20,0,7630546,0,137227,NA,NA,57071654
Northeast,2025-05-15,20,0,7630546,0,137227,NA,NA,57071654
Northeast,2025-05-16,20,0,7630546,0,137227,NA,NA,57071654
Northeast,2025-05-17,20,132,7630678,2,137229,NA,NA,57071654
Northeast,2025-05-18,21,0,7630678,0,137229,NA,NA,57071654
Northeast,2025-05-19,21,0,7630678,0,137229,NA,NA,57071654
Northeast,2025-05-20,21,0,7630678,0,137229,NA,NA,57071654
Northeast,2025-05-21,21,0,7630678,0,137229,NA,NA,57071654
Northeast,2025-05-22,21,0,7630678,0,137229,NA,NA,57071654
Northeast,2025-05-23,21,0,7630678,0,137229,NA,NA,57071654
Northeast,2025-05-24,21,239,7630917,7,137236,NA,NA,57071654
Northeast,2025-05-25,22,0,7630917,0,137236,NA,NA,57071654
Northeast,2025-05-26,22,0,7630917,0,137236,NA,NA,57071654
Northeast,2025-05-27,22,0,7630917,0,137236,NA,NA,57071654
Northeast,2025-05-28,22,0,7630917,0,137236,NA,NA,57071654
Northeast,2025-05-29,22,0,7630917,0,137236,NA,NA,57071654
Northeast,2025-05-30,22,0,7630917,0,137236,NA,NA,57071654
Northeast,2025-05-31,22,152,7631069,0,137236,NA,NA,57071654
Northeast,2025-06-01,23,0,7631069,0,137236,NA,NA,57071654
Northeast,2025-06-02,23,0,7631069,0,137236,NA,NA,57071654
Northeast,2025-06-03,23,0,7631069,0,137236,NA,NA,57071654
Northeast,2025-06-04,23,0,7631069,0,137236,NA,NA,57071654
Northeast,2025-06-05,23,0,7631069,0,137236,NA,NA,57071654
Northeast,2025-06-06,23,0,7631069,0,137236,NA,NA,57071654
Northeast,2025-06-07,23,29,7631098,1,137237,NA,NA,57071654
Northeast,2025-06-08,24,0,7631098,0,137237,NA,NA,57071654
Northeast,2025-06-09,24,0,7631098,0,137237,NA,NA,57071654
Northeast,2025-06-10,24,0,7631098,0,137237,NA,NA,57071654
Northeast,2025-06-11,24,0,7631098,0,137237,NA,NA,57071654
Northeast,2025-06-12,24,0,7631098,0,137237,NA,NA,57071654
Northeast,2025-06-13,24,0,7631098,0,137237,NA,NA,57071654
Northeast,2025-06-14,24,208,7631306,11,137248,NA,NA,57071654
Northeast,2025-06-15,25,0,7631306,0,137248,NA,NA,57071654
Northeast,2025-06-16,25,0,7631306,0,137248,NA,NA,57071654
Northeast,2025-06-17,25,0,7631306,0,137248,NA,NA,57071654
Northeast,2025-06-18,25,0,7631306,0,137248,NA,NA,57071654
Northeast,2025-06-19,25,0,7631306,0,137248,NA,NA,57071654
Northeast,2025-06-20,25,0,7631306,0,137248,NA,NA,57071654
Northeast,2025-06-21,25,159,7631465,3,137251,NA,NA,57071654
Northeast,2025-06-22,26,0,7631465,0,137251,NA,NA,57071654
Northeast,2025-06-23,26,0,7631465,0,137251,NA,NA,57071654
Northeast,2025-06-24,26,0,7631465,0,137251,NA,NA,57071654
Northeast,2025-06-25,26,0,7631465,0,137251,NA,NA,57071654
Northeast,2025-06-26,26,0,7631465,0,137251,NA,NA,57071654
Northeast,2025-06-27,26,0,7631465,0,137251,NA,NA,57071654
Northeast,2025-06-28,26,93,7631558,2,137253,NA,NA,57071654
Northeast,2025-06-29,27,0,7631558,0,137253,NA,NA,57071654
Northeast,2025-06-30,27,0,7631558,0,137253,NA,NA,57071654
South,2025-01-01,1,0,8290839,0,113413,NA,NA,29975984
South,2025-01-02,1,0,8290839,0,113413,NA,NA,29975984
South,2025-01-03,1,0,8290839,0,113413,NA,NA,29975984
South,2025-01-04,1,154,8290993,12,113425,NA,NA,29975984
South,2025-01-05,2,0,8290993,0,113425,NA,NA,29975984
South,2025-01-06,2,0,8290993,0,113425,NA,NA,29975984
South,2025-01-07,2,0,8290993,0,113425,NA,NA,29975984
South,2025-01-08,2,0,8290993,0,113425,NA,NA,29975984
South,2025-01-09,2,0,8290993,0,113425,NA,NA,29975984
South,2025-01-10,2,0,8290993,0,113425,NA,NA,29975984
South,2025-01-11,2,2370,8293363,-23,113402,NA,NA,29975984
South,2025-01-12,3,0,8293363,0,113402,NA,NA,29975984
South,2025-01-13,3,0,8293363,0,113402,NA,NA,29975984
South,2025-01-14,3,0,8293363,0,113402,NA,NA,29975984
South,2025-01-15,3,0,8293363,0,113402,NA,NA,29975984
South,2025-01-16,3,0,8293363,0,113402,NA,NA,29975984
South,2025-01-17,3,0,8293363,0,113402,NA,NA,29975984
South,2025-01-18,3,1618,8294981,6,113408,NA,NA,29975984
South,2025-01-19,4,0,8294981,0,113408,NA,NA,29975984
South,2025-01-20,4,0,8294981,0,113408,NA,NA,29975984
South,2025-01-21,4,0,8294981,0,113408,NA,NA,29975984
South,2025-01-22,4,0,8294981,0,113408,NA,NA,29975984
South,2025-01-23,4,0,8294981,0,113408,NA,NA,29975984
South,2025-01-24,4,0,8294981,0,113408,NA,NA,29975984
South,2025-01-25,4,863,8295844,23,113431,NA,NA,29975984
South,2025-01-26,5,0,8295844,0,113431,NA,NA,29975984
South,2025-01-27,5,0,8295844,0,113431,NA,NA,29975984
South,2025-01-28,5,0,8295844,0,113431,NA,NA,29975984
South,2025-01-29,5,0,8295844,0,113431,NA,NA,29975984
South,2025-01-30,5,0,8295844,0,113431,NA,NA,29975984
South,2025-01-31,5,0,8295844,0,113431,NA,NA,29975984
South,2025-02-01,5,688,8296532,12,113443,NA,NA,29975984
South,2025-02-02,6,0,8296532,0,113443,NA,NA,29975984
South,2025-02-03,6,0,8296532,0,113443,NA,NA,29975984
South,2025-02-04,6,0,8296532,0,113443,NA,NA,29975984
South,2025-02-05,6,0,8296532,0,113443,NA,NA,29975984
South,2025-02-06,6,0,8296532,0,113443,NA,NA,29975984
South,2025-02-07,6,0,8296532,0,113443,NA,NA,29975984
South,2025-02-08,6,632,8297164,4,113447,NA,NA,29975984
South,2025-02-09,7,0,8297164,0,113447,NA,NA,29975984
South,2025-02-10,7,0,8297164,0,113447,NA,NA,29975984
South,2025-02-11,7,0,8297164,0,113447,NA,NA,29975984
South,2025-02-12,7,0,8297164,0,113447,NA,NA,29975984
South,2025-02-13,7,0,8297164,0,113447,NA,NA,29975984
South,2025-02-14,7,0,8297164,0,113447,NA,NA,29975984
South,2025-02-15,7,1477,8298641,18,113465,NA,NA,29975984
South,2025-02-16,8,0,8298641,0,113465,NA,NA,29975984
South,2025-02-17,8,0,8298641,0,113465,NA,NA,29975984
South,2025-02-18,8,0,8298641,0,113465,NA,NA,29975984
South,2025-02-19,8,0,8298641,0,113465,NA,NA,29975984
South,2025-02-20,8,0,8298641,0,113465,NA,NA,29975984
South,2025-02-21,8,0,8298641,0,113465,NA,NA,29975984
South,2025-02-22,8,1535,8300176,11,113476,NA,NA,29975984
South,2025-02-23,9,0,8300176,0,113476,NA,NA,29975984
South,2025-02-24,9,0,8300176,0,113476,NA,NA,29975984
South,2025-02-25,9,0,8300176,0,113476,NA,NA,29975984
South,2025-02-26,9,0,8300176,0,113476,NA,NA,29975984
South,2025-02-27,9,0,8300176,0,113476,NA,NA,29975984
South,2025-02-28,9,0,8300176,0,113476,NA,NA,29975984
South,2025-03-01,9,2161,8302337,13,113489,NA,NA,29975984
South,2025-03-02,10,0,8302337,0,113489,NA,NA,29975984
South,2025-03-03,10,0,8302337,0,113489,NA,NA,29975984
South,2025-03-04,10,0,8302337,0,113489,NA,NA,29975984
South,2025-03-05,10,0,8302337,0,113489,NA,NA,29975984
South,2025-03-06,10,0,8302337,0,113489,NA,NA,29975984
South,2025-03-07,10,0,8302337,0,113489,NA,NA,29975984
South,2025-03-08,10,1000,8303337,7,113496,NA,NA,29975984
South,2025-03-09,11,0,8303337,0,113496,NA,NA,29975984
South,2025-03-10,11,0,8303337,0,113496,NA,NA,29975984
South,2025-03-11,11,0,8303337,0,113496,NA,NA,29975984
South,2025-03-12,11,0,8303337,0,113496,NA,NA,29975984
South,2025-03-13,11,0,8303337,0,113496,NA,NA,29975984
South,2025-03-14,11,0,8303337,0,113496,NA,NA,29975984
South,2025-03-15,11,812,8304149,10,113506,NA,NA,29975984
South,2025-03-16,12,0,8304149,0,113506,NA,NA,29975984
South,2025-03-17,12,0,8304149,0,113506,NA,NA,29975984
South,2025-03-18,12,0,8304149,0,113506,NA,NA,29975984
South,2025-03-19,12,0,8304149,0,113506,NA,NA,29975984
South,2025-03-20,12,0,8304149,0,113506,NA,NA,29975984
South,2025-03-21,12,0,8304149,0,113506,NA,NA,29975984
South,2025-03-22,12,848,8304997,7,113513,NA,NA,29975984
South,2025-03-23,13,0,8304997,0,113513,NA,NA,29975984
South,2025-03-24,13,0,8304997,0,113513,NA,NA,29975984
South,2025-03-25,13,0,8304997,0,113513,NA,NA,29975984
South,2025-03-26,13,0,8304997,0,113513,NA,NA,29975984
South,2025-03-27,13,0,8304997,0,113513,NA,NA,29975984
South,2025-03-28,13,0,8304997,0,113513,NA,NA,29975984
South,2025-03-29,13,644,8305641,7,113520,NA,NA,29975984
South,2025-03-30,14,0,8305641,0,113520,NA,NA,29975984
South,2025-03-31,14,0,8305641,0,113520,NA,NA,29975984
South,2025-04-01,14,0,8305641,0,113520,NA,NA,29975984
South,2025-04-02,14,0,8305641,0,113520,NA,NA,29975984
South,2025-04-03,14,0,8305641,0,113520,NA,NA,29975984
South,2025-04-04,14,0,8305641,0,113520,NA,NA,29975984
South,2025-04-05,14,421,8306062,4,113524,NA,NA,29975984
South,2025-04-06,15,0,8306062,0,113524,NA,NA,29975984
South,2025-04-07,15,0,8306062,0,113524,NA,NA,29975984
South,2025-04-08,15,0,8306062,0,113524,NA,NA,29975984
South,2025-04-09,15,0,8306062,0,113524,NA,NA,29975984
South,2025-04-10,15,0,8306062,0,113524,NA,NA,29975984
South,2025-04-11,15,0,8306062,0,113524,NA,NA,29975984
South,2025-04-12,15,266,8306328,21,113545,NA,NA,29975984
South,2025-04-13,16,0,8306328,0,113545,NA,NA,29975984
South,2025-04-14,16,0,8306328,0,113545,NA,NA,29975984
South,2025-04-15,16,0,8306328,0,113545,NA,NA,29975984
South,2025-04-16,16,0,8306328,0,113545,NA,NA,29975984
South,2025-04-17,16,0,8306328,0,113545,NA,NA,29975984
South,2025-04-18,16,0,8306328,0,113545,NA,NA,29975984
South,2025-04-19,16,291,8306619,1,113546,NA,NA,29975984
South,2025-04-20,17,0,8306619,0,113546,NA,NA,29975984
South,2025-04-21,17,0,8306619,0,113546,NA,NA,29975984
South,2025-04-22,17,0,8306619,0,113546,NA,NA,29975984
South,2025-04-23,17,0,8306619,0,113546,NA,NA,29975984
South,2025-04-24,17,0,8306619,0,113546,NA,NA,29975984
South,2025-04-25,17,0,8306619,0,113546,NA,NA,29975984
South,2025-04-26,17,243,8306862,8,113554,NA,NA,29975984
South,2025-04-27,18,0,8306862,0,113554,NA,NA,29975984
South,2025-04-28,18,0,8306862,0,113554,NA,NA,29975984
South,2025-04-29,18,0,8306862,0,113554,NA,NA,29975984
South,2025-04-30,18,0,8306862,0,113554,NA,NA,29975984
South,2025-05-01,18,0,8306862,0,113554,NA,NA,29975984
South,2025-05-02,18,0,8306862,0,113554,NA,NA,29975984
South,2025-05-03,18,166,8307028,4,113558,NA,NA,29975984
South,2025-05-04,19,0,8307028,0,113558,NA,NA,29975984
South,2025-05-05,19,0,8307028,0,113558,NA,NA,29975984
South,2025-05-06,19,0,8307028,0,113558,NA,NA,29975984
South,2025-05-07,19,0,8307028,0,113558,NA,NA,29975984
South,2025-05-08,19,0,8307028,0,113558,NA,NA,29975984
South,2025-05-09,19,0,8307028,0,113558,NA,NA,29975984
South,2025-05-10,19,216,8307244,2,113560,NA,NA,29975984
South,2025-05-11,20,0,8307244,0,113560,NA,NA,29975984
South,2025-05-12,20,0,8307244,0,113560,NA,NA,29975984
South,2025-05-13,20,0,8307244,0,113560,NA,NA,29975984
South,2025-05-14,20,0,8307244,0,113560,NA,NA,29975984
South,2025-05-15,20,0,8307244,0,113560,NA,NA,29975984
South,2025-05-16,20,0,8307244,0,113560,NA,NA,29975984
South,2025-05-17,20,220,8307464,0,113560,NA,NA,29975984
South,2025-05-18,21,0,8307464,0,113560,NA,NA,29975984
South,2025-05-19,21,0,8307464,0,113560,NA,NA,29975984
South,2025-05-20,21,0,8307464,0,113560,NA,NA,29975984
South,2025-05-21,21,0,8307464,0,113560,NA,NA,29975984
South,2025-05-22,21,0,8307464,0,113560,NA,NA,29975984
South,2025-05-23,21,0,8307464,0,113560,NA,NA,29975984
South,2025-05-24,21,347,8307811,-1,113559,NA,NA,29975984
South,2025-05-25,22,0,8307811,0,113559,NA,NA,29975984
South,2025-05-26,22,0,8307811,0,113559,NA,NA,29975984
South,2025-05-27,22,0,8307811,0,113559,NA,NA,29975984
South,2025-05-28,22,0,8307811,0,113559,NA,NA,29975984
South,2025-05-29,22,0,8307811,0,113559,NA,NA,29975984
South,2025-05-30,22,0,8307811,0,113559,NA,NA,29975984
South,2025-05-31,22,310,8308121,3,113562,NA,NA,29975984
South,2025-06-01,23,0,8308121,0,113562,NA,NA,29975984
South,2025-06-02,23,0,8308121,0,113562,NA,NA,29975984
South,2025-06-03,23,0,8308121,0,113562,NA,NA,29975984
South,2025-06-04,23,0,8308121,0,113562,NA,NA,29975984
South,2025-06-05,23,0,8308121,0,113562,NA,NA,29975984
South,2025-06-06,23,0,8308121,0,113562,NA,NA,29975984
South,2025-06-07,23,176,8308297,7,113569,NA,NA,29975984
South,2025-06-08,24,0,8308297,0,113569,NA,NA,29975984
South,2025-06-09,24,0,8308297,0,113569,NA,NA,29975984
South,2025-06-10,24,0,8308297,0,113569,NA,NA,29975984
South,2025-06-11,24,0,8308297,0,113569,NA,NA,29975984
South,2025-06-12,24,0,8308297,0,113569,NA,NA,29975984
South,2025-06-13,24,0,8308297,0,113569,NA,NA,29975984
South,2025-06-14,24,314,8308611,2,113571,NA,NA,29975984
South,2025-06-15,25,0,8308611,0,113571,NA,NA,29975984
South,2025-06-16,25,0,8308611,0,113571,NA,NA,29975984
South,2025-06-17,25,0,8308611,0,113571,NA,NA,29975984
South,2025-06-18,25,0,8308611,0,113571,NA,NA,29975984
South,2025-06-19,25,0,8308611,0,113571,NA,NA,29975984
South,2025-06-20,25,0,8308611,0,113571,NA,NA,29975984
South,2025-06-21,25,229,8308840,2,113573,NA,NA,29975984
South,2025-06-22,26,0,8308840,0,113573,NA,NA,29975984
South,2025-06-23,26,0,8308840,0,113573,NA,NA,29975984
South,2025-06-24,26,0,8308840,0,113573,NA,NA,29975984
South,2025-06-25,26,0,8308840,0,113573,NA,NA,29975984
South,2025-06-26,26,0,8308840,0,113573,NA,NA,29975984
South,2025-06-27,26,0,8308840,0,113573,NA,NA,29975984
South,2025-06-28,26,242,8309082,4,113577,NA,NA,29975984
South,2025-06-29,27,0,8309082,0,113577,NA,NA,29975984
South,2025-06-30,27,0,8309082,0,113577,NA,NA,29975984
Southeast,2025-01-01,1,0,15635652,0,344777,NA,NA,88371433
Southeast,2025-01-02,1,0,15635652,0,344777,NA,NA,88371433
Southeast,2025-01-03,1,0,15635652,0,344777,NA,NA,88371433
Southeast,2025-01-04,1,599,15636251,11,344788,NA,NA,88371433
Southeast,2025-01-05,2,0,15636251,0,344788,NA,NA,88371433
Southeast,2025-01-06,2,0,15636251,0,344788,NA,NA,88371433
Southeast,2025-01-07,2,0,15636251,0,344788,NA,NA,88371433
Southeast,2025-01-08,2,0,15636251,0,344788,NA,NA,88371433
Southeast,2025-01-09,2,0,15636251,0,344788,NA,NA,88371433
Southeast,2025-01-10,2,0,15636251,0,344788,NA,NA,88371433
Southeast,2025-01-11,2,1402,15637653,7,344795,NA,NA,88371433
Southeast,2025-01-12,3,0,15637653,0,344795,NA,NA,88371433
Southeast,2025-01-13,3,0,15637653,0,344795,NA,NA,88371433
Southeast,2025-01-14,3,0,15637653,0,344795,NA,NA,88371433
Southeast,2025-01-15,3,0,15637653,0,344795,NA,NA,88371433
Southeast,2025-01-16,3,0,15637653,0,344795,NA,NA,88371433
Southeast,2025-01-17,3,0,15637653,0,344795,NA,NA,88371433
Southeast,2025-01-18,3,12237,15649890,167,344962,NA,NA,88371433
Southeast,2025-01-19,4,0,15649890,0,344962,NA,NA,88371433
Southeast,2025-01-20,4,0,15649890,0,344962,NA,NA,88371433
Southeast,2025-01-21,4,0,15649890,0,344962,NA,NA,88371433
Southeast,2025-01-22,4,0,15649890,0,344962,NA,NA,88371433
Southeast,2025-01-23,4,0,15649890,0,344962,NA,NA,88371433
Southeast,2025-01-24,4,0,15649890,0,344962,NA,NA,88371433
Southeast,2025-01-25,4,3152,15653042,44,345006,NA,NA,88371433
Southeast,2025-01-26,5,0,15653042,0,345006,NA,NA,88371433
Southeast,2025-01-27,5,0,15653042,0,345006,NA,NA,88371433
Southeast,2025-01-28,5,0,15653042,0,345006,NA,NA,88371433
Southeast,2025-01-29,5,0,15653042,0,345006,NA,NA,88371433
Southeast,2025-01-30,5,0,15653042,0,345006,NA,NA,88371433
Southeast,2025-01-31,5,0,15653042,0,345006,NA,NA,88371433
Southeast,2025-02-01,5,5800,15658842,56,345062,NA,NA,88371433
Southeast,2025-02-02,6,0,15658842,0,345062,NA,NA,88371433
Southeast,2025-02-03,6,0,15658842,0,345062,NA,NA,88371433
Southeast,2025-02-04,6,0,15658842,0,345062,NA,NA,88371433
Southeast,2025-02-05,6,0,15658842,0,345062,NA,NA,88371433
Southeast,2025-02-06,6,0,15658842,0,345062,NA,NA,88371433
Southeast,2025-02-07,6,0,15658842,0,345062,NA,NA,88371433
Southeast,2025-02-08,6,1455,15660297,17,345079,NA,NA,88371433
Southeast,2025-02-09,7,0,15660297,0,345079,NA,NA,88371433
Southeast,2025-02-10,7,0,15660297,0,345079,NA,NA,88371433
Southeast,2025-02-11,7,0,15660297,0,345079,NA,NA,88371433
Southeast,2025-02-12,7,0,15660297,0,345079,NA,NA,88371433
Southeast,2025-02-13,7,0,15660297,0,345079,NA,NA,88371433
Southeast,2025-02-14,7,0,15660297,0,345079,NA,NA,88371433
Southeast,2025-02-15,7,3264,15663561,45,345124,NA,NA,88371433
Southeast,2025-02-16,8,0,15663561,0,345124,NA,NA,88371433
Southeast,2025-02-17,8,0,15663561,0,345124,NA,NA,88371433
Southeast,2025-02-18,8,0,15663561,0,345124,NA,NA,88371433
Southeast,2025-02-19,8,0,15663561,0,345124,NA,NA,88371433
Southeast,2025-02-20,8,0,15663561,0,345124,NA,NA,88371433
Southeast,2025-02-21,8,0,15663561,0,345124,NA,NA,88371433
Southeast,2025-02-22,8,10153,15673714,125,345249,NA,NA,88371433
Southeast,2025-02-23,9,0,15673714,0,345249,NA,NA,88371433
Southeast,2025-02-24,9,0,15673714,0,345249,NA,NA,88371433
Southeast,2025-02-25,9,0,15673714,0,345249,NA,NA,88371433
Southeast,2025-02-26,9,0,15673714,0,345249,NA,NA,88371433
Southeast,2025-02-27,9,0,15673714,0,345249,NA,NA,88371433
Southeast,2025-02-28,9,0,15673714,0,345249,NA,NA,88371433
Southeast,2025-03-01,9,635,15674349,5,345254,NA,NA,88371433
Southeast,2025-03-02,10,0,15674349,0,345254,NA,NA,88371433
Southeast,2025-03-03,10,0,15674349,0,345254,NA,NA,88371433
Southeast,2025-03-04,10,0,15674349,0,345254,NA,NA,88371433
Southeast,2025-03-05,10,0,15674349,0,345254,NA,NA,88371433
Southeast,2025-03-06,10,0,15674349,0,345254,NA,NA,88371433
Southeast,2025-03-07,10,0,15674349,0,345254,NA,NA,88371433
Southeast,2025-03-08,10,9057,15683406,121,345375,NA,NA,88371433
Southeast,2025-03-09,11,0,15683406,0,345375,NA,NA,88371433
Southeast,2025-03-10,11,0,15683406,0,345375,NA,NA,88371433
Southeast,2025-03-11,11,0,15683406,0,345375,NA,NA,88371433
Southeast,2025-03-12,11,0,15683406,0,345375,NA,NA,88371433
Southeast,2025-03-13,11,0,15683406,0,345375,NA,NA,88371433
Southeast,2025-03-14,11,0,15683406,0,345375,NA,NA,88371433
Southeast,2025-03-15,11,5137,15688543,82,345457,NA,NA,88371433
Southeast,2025-03-16,12,0,15688543,0,345457,NA,NA,88371433
Southeast,2025-03-17,12,0,15688543,0,345457,NA,NA,88371433
Southeast,2025-03-18,12,0,15688543,0,345457,NA,NA,88371433
Southeast,2025-03-19,12,0,15688543,0,345457,NA,NA,88371433
Southeast,2025-03-20,12,0,15688543,0,345457,NA,NA,88371433
Southeast,2025-03-21,12,0,15688543,0,345457,NA,NA,88371433
Southeast,2025-03-22,12,1354,15689897,11,345468,NA,NA,88371433
Southeast,2025-03-23,13,0,15689897,0,345468,NA,NA,88371433
Southeast,2025-03-24,13,0,15689897,0,345468,NA,NA,88371433
Southeast,2025-03-25,13,0,15689897,0,345468,NA,NA,88371433
Southeast,2025-03-26,13,0,15689897,0,345468,NA,NA,88371433
Southeast,2025-03-27,13,0,15689897,0,345468,NA,NA,88371433
Southeast,2025-03-28,13,0,15689897,0,345468,NA,NA,88371433
Southeast,2025-03-29,13,996,15690893,2,345470,NA,NA,88371433
Southeast,2025-03-30,14,0,15690893,0,345470,NA,NA,88371433
Southeast,2025-03-31,14,0,15690893,0,345470,NA,NA,88371433
Southeast,2025-04-01,14,0,15690893,0,345470,NA,NA,88371433
Southeast,2025-04-02,14,0,15690893,0,345470,NA,NA,88371433
Southeast,2025-04-03,14,0,15690893,0,345470,NA,NA,88371433
Southeast,2025-04-04,14,0,15690893,0,345470,NA,NA,88371433
Southeast,2025-04-05,14,6135,15697028,129,345599,NA,NA,88371433
Southeast,2025-04-06,15,0,15697028,0,345599,NA,NA,88371433
Southeast,2025-04-07,15,0,15697028,0,345599,NA,NA,88371433
Southeast,2025-04-08,15,0,15697028,0,345599,NA,NA,88371433
Southeast,2025-04-09,15,0,15697028,0,345599,NA,NA,88371433
Southeast,2025-04-10,15,0,15697028,0,345599,NA,NA,88371433
Southeast,2025-04-11,15,0,15697028,0,345599,NA,NA,88371433
Southeast,2025-04-12,15,1035,15698063,5,345604,NA,NA,88371433
Southeast,2025-04-13,16,0,15698063,0,345604,NA,NA,88371433
Southeast,2025-04-14,16,0,15698063,0,345604,NA,NA,88371433
Southeast,2025-04-15,16,0,15698063,0,345604,NA,NA,88371433
Southeast,2025-04-16,16,0,15698063,0,345604,NA,NA,88371433
Southeast,2025-04-17,16,0,15698063,0,345604,NA,NA,88371433
Southeast,2025-04-18,16,0,15698063,0,345604,NA,NA,88371433
Southeast,2025-04-19,16,2108,15700171,163,345767,NA,NA,88371433
Southeast,2025-04-20,17,0,15700171,0,345767,NA,NA,88371433
Southeast,2025-04-21,17,0,15700171,0,345767,NA,NA,88371433
Southeast,2025-04-22,17,0,15700171,0,345767,NA,NA,88371433
Southeast,2025-04-23,17,0,15700171,0,345767,NA,NA,88371433
Southeast,2025-04-24,17,0,15700171,0,345767,NA,NA,88371433
Southeast,2025-04-25,17,0,15700171,0,345767,NA,NA,88371433
Southeast,2025-04-26,17,552,15700723,7,345774,NA,NA,88371433
Southeast,2025-04-27,18,0,15700723,0,345774,NA,NA,88371433
Southeast,2025-04-28,18,0,15700723,0,345774,NA,NA,88371433
Southeast,2025-04-29,18,0,15700723,0,345774,NA,NA,88371433
Southeast,2025-04-30,18,0,15700723,0,345774,NA,NA,88371433
Southeast,2025-05-01,18,0,15700723,0,345774,NA,NA,88371433
Southeast,2025-05-02,18,0,15700723,0,345774,NA,NA,88371433
Southeast,2025-05-03,18,1856,15702579,50,345824,NA,NA,88371433
Southeast,2025-05-04,19,0,15702579,0,345824,NA,NA,88371433
Southeast,2025-05-05,19,0,15702579,0,345824,NA,NA,88371433
Southeast,2025-05-06,19,0,15702579,0,345824,NA,NA,88371433
Southeast,2025-05-07,19,0,15702579,0,345824,NA,NA,88371433
Southeast,2025-05-08,19,0,15702579,0,345824,NA,NA,88371433
Southeast,2025-05-09,19,0,15702579,0,345824,NA,NA,88371433
Southeast,2025-05-10,19,10361,15712940,2,345826,NA,NA,88371433
Southeast,2025-05-11,20,0,15712940,0,345826,NA,NA,88371433
Southeast,2025-05-12,20,0,15712940,0,345826,NA,NA,88371433
Southeast,2025-05-13,20,0,15712940,0,345826,NA,NA,88371433
Southeast,2025-05-14,20,0,15712940,0,345826,NA,NA,88371433
Southeast,2025-05-15,20,0,15712940,0,345826,NA,NA,88371433
Southeast,2025-05-16,20,0,15712940,0,345826,NA,NA,88371433
Southeast,2025-05-17,20,1798,15714738,27,345853,NA,NA,88371433
Southeast,2025-05-18,21,0,15714738,0,345853,NA,NA,88371433
Southeast,2025-05-19,21,0,15714738,0,345853,NA,NA,88371433
Southeast,2025-05-20,21,0,15714738,0,345853,NA,NA,88371433
Southeast,2025-05-21,21,0,15714738,0,345853,NA,NA,88371433
Southeast,2025-05-22,21,0,15714738,0,345853,NA,NA,88371433
Southeast,2025-05-23,21,0,15714738,0,345853,NA,NA,88371433
Southeast,2025-05-24,21,1386,15716124,15,345868,NA,NA,88371433
Southeast,2025-05-25,22,0,15716124,0,345868,NA,NA,88371433
Southeast,2025-05-26,22,0,15716124,0,345868,NA,NA,88371433
Southeast,2025-05-27,22,0,15716124,0,345868,NA,NA,88371433
Southeast,2025-05-28,22,0,15716124,0,345868,NA,NA,88371433
Southeast,2025-05-29,22,0,15716124,0,345868,NA,NA,88371433
Southeast,2025-05-30,22,0,15716124,0,345868,NA,NA,88371433
Southeast,2025-05-31,22,613,15716737,17,345885,NA,NA,88371433
Southeast,2025-06-01,23,0,15716737,0,345885,NA,NA,88371433
Southeast,2025-06-02,23,0,15716737,0,345885,NA,NA,88371433
Southeast,2025-06-03,23,0,15716737,0,345885,NA,NA,88371433
Southeast,2025-06-04,23,0,15716737,0,345885,NA,NA,88371433
Southeast,2025-06-05,23,0,15716737,0,345885,NA,NA,88371433
Southeast,2025-06-06,23,0,15716737,0,345885,NA,NA,88371433
Southeast,2025-06-07,23,998,15717735,4,345889,NA,NA,88371433
Southeast,2025-06-08,24,0,15717735,0,345889,NA,NA,88371433
Southeast,2025-06-09,24,0,15717735,0,345889,NA,NA,88371433
Southeast,2025-06-10,24,0,15717735,0,345889,NA,NA,88371433
Southeast,2025-06-11,24,0,15717735,0,345889,NA,NA,88371433
Southeast,2025-06-12,24,0,15717735,0,345889,NA,NA,88371433
Southeast,2025-06-13,24,0,15717735,0,345889,NA,NA,88371433
Southeast,2025-06-14,24,1754,15719489,24,345913,NA,NA,88371433
Southeast,2025-06-15,25,0,15719489,0,345913,NA,NA,88371433
Southeast,2025-06-16,25,0,15719489,0,345913,NA,NA,88371433
Southeast,2025-06-17,25,0,15719489,0,345913,NA,NA,88371433
Southeast,2025-06-18,25,0,15719489,0,345913,NA,NA,88371433
Southeast,2025-06-19,25,0,15719489,0,345913,NA,NA,88371433
Southeast,2025-06-20,25,0,15719489,0,345913,NA,NA,88371433
Southeast,2025-06-21,25,401,15719890,11,345924,NA,NA,88371433
Southeast,2025-06-22,26,0,15719890,0,345924,NA,NA,88371433
Southeast,2025-06-23,26,0,15719890,0,345924,NA,NA,88371433
Southeast,2025-06-24,26,0,15719890,0,345924,NA,NA,88371433
Southeast,2025-06-25,26,0,15719890,0,345924,NA,NA,88371433
Southeast,2025-06-26,26,0,15719890,0,345924,NA,NA,88371433
Southeast,2025-06-27,26,0,15719890,0,345924,NA,NA,88371433
Southeast,2025-06-28,26,943,15720833,28,345952,NA,NA,88371433
Southeast,2025-06-29,27,0,15720833,0,345952,NA,NA,88371433
Southeast,2025-06-30,27,0,15720833,0,345952,NA,NA,88371433
Midwest,2025-07-01,27,0,4614230,0,67324,NA,NA,16297074
Midwest,2025-07-02,27,0,4614230,0,67324,NA,NA,16297074
Midwest,2025-07-03,27,0,4614230,0,67324,NA,NA,16297074
Midwest,2025-07-04,27,0,4614230,0,67324,NA,NA,16297074
Midwest,2025-07-05,27,453,4614683,4,67328,NA,NA,16297074
Midwest,2025-07-06,28,0,4614683,0,67328,NA,NA,16297074
Midwest,2025-07-07,28,0,4614683,0,67328,NA,NA,16297074
Midwest,2025-07-08,28,0,4614683,0,67328,NA,NA,16297074
Midwest,2025-07-09,28,0,4614683,0,67328,NA,NA,16297074
Midwest,2025-07-10,28,0,4614683,0,67328,NA,NA,16297074
Midwest,2025-07-11,28,0,4614683,0,67328,NA,NA,16297074
Midwest,2025-07-12,28,300,4614983,0,67328,NA,NA,16297074
Midwest,2025-07-13,29,0,4614983,0,67328,NA,NA,16297074
Midwest,2025-07-14,29,0,4614983,0,67328,NA,NA,16297074
Midwest,2025-07-15,29,0,4614983,0,67328,NA,NA,16297074
Midwest,2025-07-16,29,0,4614983,0,67328,NA,NA,16297074
Midwest,2025-07-17,29,0,4614983,0,67328,NA,NA,16297074
Midwest,2025-07-18,29,0,4614983,0,67328,NA,NA,16297074
Midwest,2025-07-19,29,9,4614992,0,67328,NA,NA,16297074
Midwest,2025-07-20,30,0,4614992,0,67328,NA,NA,16297074
Midwest,2025-07-21,30,0,4614992,0,67328,NA,NA,16297074
Midwest,2025-07-22,30,0,4614992,0,67328,NA,NA,16297074
Midwest,2025-07-23,30,0,4614992,0,67328,NA,NA,16297074
Midwest,2025-07-24,30,0,4614992,0,67328,NA,NA,16297074
Midwest,2025-07-25,30,0,4614992,0,67328,NA,NA,16297074
Midwest,2025-07-26,30,-20,4614972,5,67333,NA,NA,16297074
Midwest,2025-07-27,31,0,4614972,0,67333,NA,NA,16297074
Midwest,2025-07-28,31,0,4614972,0,67333,NA,NA,16297074
Midwest,2025-07-29,31,0,4614972,0,67333,NA,NA,16297074
Midwest,2025-07-30,31,0,4614972,0,67333,NA,NA,16297074
Midwest,2025-07-31,31,0,4614972,0,67333,NA,NA,16297074
Midwest,2025-08-01,31,0,4614972,0,67333,NA,NA,16297074
North,2025-07-01,27,0,3010333,0,52240,NA,NA,18430980
North,2025-07-02,27,0,3010333,0,52240,NA,NA,18430980
North,2025-07-03,27,0,3010333,0,52240,NA,NA,18430980
North,2025-07-04,27,0,3010333,0,52240,NA,NA,18430980
North,2025-07-05,27,48,3010381,1,52241,NA,NA,18430980
North,2025-07-06,28,0,3010381,0,52241,NA,NA,18430980
North,2025-07-07,28,0,3010381,0,52241,NA,NA,18430980
North,2025-07-08,28,0,3010381,0,52241,NA,NA,18430980
North,2025-07-09,28,0,3010381,0,52241,NA,NA,18430980
North,2025-07-10,28,0,3010381,0,52241,NA,NA,18430980
North,2025-07-11,28,0,3010381,0,52241,NA,NA,18430980
North,2025-07-12,28,246,3010627,0,52241,NA,NA,18430980
North,2025-07-13,29,0,3010627,0,52241,NA,NA,18430980
North,2025-07-14,29,0,3010627,0,52241,NA,NA,18430980
North,2025-07-15,29,0,3010627,0,52241,NA,NA,18430980
North,2025-07-16,29,0,3010627,0,52241,NA,NA,18430980
North,2025-07-17,29,0,3010627,0,52241,NA,NA,18430980
North,2025-07-18,29,0,3010627,0,52241,NA,NA,18430980
North,2025-07-19,29,35,3010662,2,52243,NA,NA,18430980
North,2025-07-20,30,0,3010662,0,52243,NA,NA,18430980
North,2025-07-21,30,0,3010662,0,52243,NA,NA,18430980
North,2025-07-22,30,0,3010662,0,52243,NA,NA,18430980
North,2025-07-23,30,0,3010662,0,52243,NA,NA,18430980
North,2025-07-24,30,0,3010662,0,52243,NA,NA,18430980
North,2025-07-25,30,0,3010662,0,52243,NA,NA,18430980
North,2025-07-26,30,156,3010818,-3,52240,NA,NA,18430980
North,2025-07-27,31,0,3010818,0,52240,NA,NA,18430980
North,2025-07-28,31,0,3010818,0,52240,NA,NA,18430980
North,2025-07-29,31,0,3010818,0,52240,NA,NA,18430980
North,2025-07-30,31,0,3010818,0,52240,NA,NA,18430980
North,2025-07-31,31,0,3010818,0,52240,NA,NA,18430980
North,2025-08-01,31,0,3010818,0,52240,NA,NA,18430980
Northeast,2025-07-01,27,0,7631558,0,137253,NA,NA,57071654
Northeast,2025-07-02,27,0,7631558,0,137253,NA,NA,57071654
Northeast,2025-07-03,27,0,7631558,0,137253,NA,NA,57071654
Northeast,2025-07-04,27,0,7631558,0,137253,NA,NA,57071654
Northeast,2025-07-05,27,251,7631809,1,137254,NA,NA,57071654
Northeast,2025-07-06,28,0,7631809,0,137254,NA,NA,57071654
Northeast,2025-07-07,28,0,7631809,0,137254,NA,NA,57071654
Northeast,2025-07-08,28,0,7631809,0,137254,NA,NA,57071654
Northeast,2025-07-09,28,0,7631809,0,137254,NA,NA,57071654
Northeast,2025-07-10,28,0,7631809,0,137254,NA,NA,57071654
Northeast,2025-07-11,28,0,7631809,0,137254,NA,NA,57071654
Northeast,2025-07-12,28,371,7632180,4,137258,NA,NA,57071654
Northeast,2025-07-13,29,0,7632180,0,137258,NA,NA,57071654
Northeast,2025-07-14,29,0,7632180,0,137258,NA,NA,57071654
Northeast,2025-07-15,29,0,7632180,0,137258,NA,NA,57071654
Northeast,2025-07-16,29,0,7632180,0,137258,NA,NA,57071654
Northeast,2025-07-17,29,0,7632180,0,137258,NA,NA,57071654
Northeast,2025-07-18,29,0,7632180,0,137258,NA,NA,57071654
Northeast,2025-07-19,29,204,7632384,15,137273,NA,NA,57071654
Northeast,2025-07-20,30,0,7632384,0,137273,NA,NA,57071654
Northeast,2025-07-21,30,0,7632384,0,137273,NA,NA,57071654
Northeast,2025-07-22,30,0,7632384,0,137273,NA,NA,57071654
Northeast,2025-07-23,30,0,7632384,0,137273,NA,NA,57071654
Northeast,2025-07-24,30,0,7632384,0,137273,NA,NA,57071654
Northeast,2025-07-25,30,0,7632384,0,137273,NA,NA,57071654
Northeast,2025-07-26,30,279,7632663,1,137274,NA,NA,57071654
Northeast,2025-07-27,31,0,7632663,0,137274,NA,NA,57071654
Northeast,2025-07-28,31,0,7632663,0,137274,NA,NA,57071654
Northeast,2025-07-29,31,0,7632663,0,137274,NA,NA,57071654
Northeast,2025-07-30,31,0,7632663,0,137274,NA,NA,57071654
Northeast,2025-07-31,31,0,7632663,0,137274,NA,NA,57071654
Northeast,2025-08-01,31,0,7632663,0,137274,NA,NA,57071654
South,2025-07-01,27,0,8309082,0,113577,NA,NA,29975984
South,2025-07-02,27,0,8309082,0,113577,NA,NA,29975984
South,2025-07-03,27,0,8309082,0,113577,NA,NA,29975984
South,2025-07-04,27,0,8309082,0,113577,NA,NA,29975984
South,2025-07-05,27,187,8309269,5,113582,NA,NA,29975984
South,2025-07-06,28,0,8309269,0,113582,NA,NA,29975984
South,2025-07-07,28,0,8309269,0,113582,NA,NA,29975984
South,2025-07-08,28,0,8309269,0,113582,NA,NA,29975984
South,2025-07-09,28,0,8309269,0,113582,NA,NA,29975984
South,2025-07-10,28,0,8309269,0,113582,NA,NA,29975984
South,2025-07-11,28,0,8309269,0,113582,NA,NA,29975984
South,2025-07-12,28,232,8309501,1,113583,NA,NA,29975984
South,2025-07-13,29,0,8309501,0,113583,NA,NA,29975984
South,2025-07-14,29,0,8309501,0,113583,NA,NA,29975984
South,2025-07-15,29,0,8309501,0,113583,NA,NA,29975984
South,2025-07-16,29,0,8309501,0,113583,NA,NA,29975984
South,2025-07-17,29,0,8309501,0,113583,NA,NA,29975984
South,2025-07-18,29,0,8309501,0,113583,NA,NA,29975984
South,2025-07-19,29,146,8309647,0,113583,NA,NA,29975984
South,2025-07-20,30,0,8309647,0,113583,NA,NA,29975984
South,2025-07-21,30,0,8309647,0,113583,NA,NA,29975984
South,2025-07-22,30,0,8309647,0,113583,NA,NA,29975984
South,2025-07-23,30,0,8309647,0,113583,NA,NA,29975984
South,2025-07-24,30,0,8309647,0,113583,NA,NA,29975984
South,2025-07-25,30,0,8309647,0,113583,NA,NA,29975984
South,2025-07-26,30,156,8309803,0,113583,NA,NA,29975984
South,2025-07-27,31,0,8309803,0,113583,NA,NA,29975984
South,2025-07-28,31,0,8309803,0,113583,NA,NA,29975984
South,2025-07-29,31,0,8309803,0,113583,NA,NA,29975984
South,2025-07-30,31,0,8309803,0,113583,NA,NA,29975984
South,2025-07-31,31,0,8309803,0,113583,NA,NA,29975984
South,2025-08-01,31,0,8309803,0,113583,NA,NA,29975984
Southeast,2025-07-01,27,0,15720833,0,345952,NA,NA,88371433
Southeast,2025-07-02,27,0,15720833,0,345952,NA,NA,88371433
Southeast,2025-07-03,27,0,15720833,0,345952,NA,NA,88371433
Southeast,2025-07-04,27,0,15720833,0,345952,NA,NA,88371433
Southeast,2025-07-05,27,337,15721170,1,345953,NA,NA,88371433
Southeast,2025-07-06,28,0,15721170,0,345953,NA,NA,88371433
Southeast,2025-07-07,28,0,15721170,0,345953,NA,NA,88371433
Southeast,2025-07-08,28,0,15721170,0,345953,NA,NA,88371433
Southeast,2025-07-09,28,0,15721170,0,345953,NA,NA,88371433
Southeast,2025-07-10,28,0,15721170,0,345953,NA,NA,88371433
Southeast,2025-07-11,28,0,15721170,0,345953,NA,NA,88371433
Southeast,2025-07-12,28,1857,15723027,85,346038,NA,NA,88371433
Southeast,2025-07-13,29,0,15723027,0,346038,NA,NA,88371433
Southeast,2025-07-14,29,0,15723027,0,346038,NA,NA,88371433
Southeast,2025-07-15,29,0,15723027,0,346038,NA,NA,88371433
Southeast,2025-07-16,29,0,15723027,0,346038,NA,NA,88371433
Southeast,2025-07-17,29,0,15723027,0,346038,NA,NA,88371433
Southeast,2025-07-18,29,0,15723027,0,346038,NA,NA,88371433
Southeast,2025-07-19,29,833,15723860,13,346051,NA,NA,88371433
Southeast,2025-07-20,30,0,15723860,0,346051,NA,NA,88371433
Southeast,2025-07-21,30,0,15723860,0,346051,NA,NA,88371433
Southeast,2025-07-22,30,0,15723860,0,346051,NA,NA,88371433
Southeast,2025-07-23,30,0,15723860,0,346051,NA,NA,88371433
Southeast,2025-07-24,30,0,15723860,0,346051,NA,NA,88371433
Southeast,2025-07-25,30,0,15723860,0,346051,NA,NA,88371433
Southeast,2025-07-26,30,2927,15726787,28,346079,NA,NA,88371433
Southeast,2025-07-27,31,0,15726787,0,346079,NA,NA,88371433
Southeast,2025-07-28,31,0,15726787,0,346079,NA,NA,88371433
Southeast,2025-07-29,31,0,15726787,0,346079,NA,NA,88371433
Southeast,2025-07-30,31,0,15726787,0,346079,NA,NA,88371433
Southeast,2025-07-31,31,0,15726787,0,346079,NA,NA,88371433
Southeast,2025-08-01,31,0,15726787,0,346079,NA,NA,88371433
Midwest,2020-02-25,9,0,0,0,0,NA,NA,16297074
Midwest,2020-02-26,9,0,0,0,0,NA,NA,16297074
Midwest,2020-02-27,9,0,0,0,0,NA,NA,16297074
Midwest,2020-02-28,9,0,0,0,0,NA,NA,16297074
Midwest,2020-02-29,9,0,0,0,0,NA,NA,16297074
Midwest,2020-03-01,10,0,0,0,0,NA,NA,16297074
Midwest,2020-03-02,10,0,0,0,0,NA,NA,16297074
Midwest,2020-03-03,10,0,0,0,0,NA,NA,16297074
Midwest,2020-03-04,10,0,0,0,0,NA,NA,16297074
Midwest,2020-03-05,10,0,0,0,0,NA,NA,16297074
Midwest,2020-03-06,10,0,0,0,0,NA,NA,16297074
Midwest,2020-03-07,10,1,1,0,0,NA,NA,16297074
Midwest,2020-03-08,11,0,1,0,0,NA,NA,16297074
Midwest,2020-03-09,11,0,1,0,0,NA,NA,16297074
Midwest,2020-03-10,11,0,1,0,0,NA,NA,16297074
Midwest,2020-03-11,11,1,2,0,0,NA,NA,16297074
Midwest,2020-03-12,11,0,2,0,0,NA,NA,16297074
Midwest,2020-03-13,11,3,5,0,0,NA,NA,16297074
Midwest,2020-03-14,11,4,9,0,0,NA,NA,16297074
Midwest,2020-03-15,12,2,11,0,0,NA,NA,16297074
Midwest,2020-03-16,12,7,18,0,0,NA,NA,16297074
Midwest,2020-03-17,12,14,32,0,0,NA,NA,16297074
Midwest,2020-03-18,12,9,41,0,0,NA,NA,16297074
Midwest,2020-03-19,12,20,61,0,0,NA,NA,16297074
Midwest,2020-03-20,12,51,112,0,0,NA,NA,16297074
Midwest,2020-03-21,12,26,138,0,0,NA,NA,16297074
Midwest,2020-03-22,13,23,161,0,0,NA,NA,16297074
Midwest,2020-03-23,13,18,179,0,0,NA,NA,16297074
Midwest,2020-03-24,13,38,217,0,0,NA,NA,16297074
Midwest,2020-03-25,13,4,221,0,0,NA,NA,16297074
Midwest,2020-03-26,13,54,275,1,1,NA,NA,16297074
Midwest,2020-03-27,13,43,318,0,1,NA,NA,16297074
Midwest,2020-03-28,13,42,360,0,1,NA,NA,16297074
Midwest,2020-03-29,14,39,399,1,2,NA,NA,16297074
Midwest,2020-03-30,14,36,435,0,2,NA,NA,16297074
Midwest,2020-03-31,14,35,470,3,5,NA,NA,16297074
Midwest,2020-04-01,14,34,504,0,5,NA,NA,16297074
Midwest,2020-04-02,14,28,532,1,6,NA,NA,16297074
Midwest,2020-04-03,14,62,594,3,9,NA,NA,16297074
Midwest,2020-04-04,14,81,675,2,11,NA,NA,16297074
Midwest,2020-04-05,15,33,708,1,12,NA,NA,16297074
Midwest,2020-04-06,15,26,734,5,17,NA,NA,16297074
Midwest,2020-04-07,15,49,783,3,20,NA,NA,16297074
Midwest,2020-04-08,15,59,842,2,22,NA,NA,16297074
Midwest,2020-04-09,15,61,903,2,24,NA,NA,16297074
Midwest,2020-04-10,15,52,955,2,26,NA,NA,16297074
Midwest,2020-04-11,15,54,1009,3,29,NA,NA,16297074
Midwest,2020-04-12,16,58,1067,4,33,NA,NA,16297074
Midwest,2020-04-13,16,51,1118,5,38,NA,NA,16297074
Midwest,2020-04-14,16,70,1188,2,40,NA,NA,16297074
Midwest,2020-04-15,16,70,1258,0,40,NA,NA,16297074
Midwest,2020-04-16,16,63,1321,6,46,NA,NA,16297074
Midwest,2020-04-17,16,65,1386,0,46,NA,NA,16297074
Midwest,2020-04-18,16,86,1472,6,52,NA,NA,16297074
Midwest,2020-04-19,17,90,1562,0,52,NA,NA,16297074
Midwest,2020-04-20,17,65,1627,2,54,NA,NA,16297074
Midwest,2020-04-21,17,29,1656,1,55,NA,NA,16297074
Midwest,2020-04-22,17,86,1742,3,58,NA,NA,16297074
Midwest,2020-04-23,17,81,1823,4,62,NA,NA,16297074
Midwest,2020-04-24,17,105,1928,3,65,NA,NA,16297074
Midwest,2020-04-25,17,55,1983,2,67,NA,NA,16297074
Midwest,2020-04-26,18,140,2123,1,68,NA,NA,16297074
Midwest,2020-04-27,18,134,2257,4,72,NA,NA,16297074
Midwest,2020-04-28,18,118,2375,3,75,NA,NA,16297074
Midwest,2020-04-29,18,146,2521,0,75,NA,NA,16297074
Midwest,2020-04-30,18,168,2689,4,79,NA,NA,16297074
Midwest,2020-05-01,18,166,2855,0,79,NA,NA,16297074
Midwest,2020-05-02,18,133,2988,3,82,NA,NA,16297074
Midwest,2020-05-03,19,120,3108,3,85,NA,NA,16297074
Midwest,2020-05-04,19,139,3247,1,86,NA,NA,16297074
Midwest,2020-05-05,19,141,3388,8,94,NA,NA,16297074
Midwest,2020-05-06,19,209,3597,7,101,NA,NA,16297074
Midwest,2020-05-07,19,416,4013,1,102,NA,NA,16297074
Midwest,2020-05-08,19,265,4278,7,109,NA,NA,16297074
Midwest,2020-05-09,19,215,4493,4,113,NA,NA,16297074
Midwest,2020-05-10,20,163,4656,5,118,NA,NA,16297074
Midwest,2020-05-11,20,153,4809,5,123,NA,NA,16297074
Midwest,2020-05-12,20,281,5090,6,129,NA,NA,16297074
Midwest,2020-05-13,20,327,5417,13,142,NA,NA,16297074
Midwest,2020-05-14,20,593,6010,10,152,NA,NA,16297074
Midwest,2020-05-15,20,607,6617,10,162,NA,NA,16297074
Midwest,2020-05-16,20,522,7139,5,167,NA,NA,16297074
Midwest,2020-05-17,21,392,7531,4,171,NA,NA,16297074
Midwest,2020-05-18,21,387,7918,13,184,NA,NA,16297074
Midwest,2020-05-19,21,418,8336,9,193,NA,NA,16297074
Midwest,2020-05-20,21,550,8886,11,204,NA,NA,16297074
Midwest,2020-05-21,21,688,9574,16,220,NA,NA,16297074
Midwest,2020-05-22,21,703,10277,17,237,NA,NA,16297074
Midwest,2020-05-23,21,561,10838,7,244,NA,NA,16297074
Midwest,2020-05-24,22,629,11467,12,256,NA,NA,16297074
Midwest,2020-05-25,22,498,11965,12,268,NA,NA,16297074
Midwest,2020-05-26,22,644,12609,20,288,NA,NA,16297074
Midwest,2020-05-27,22,1020,13629,17,305,NA,NA,16297074
Midwest,2020-05-28,22,974,14603,21,326,NA,NA,16297074
Midwest,2020-05-29,22,897,15500,21,347,NA,NA,16297074
Midwest,2020-05-30,22,1338,16838,13,360,NA,NA,16297074
Midwest,2020-05-31,23,562,17400,15,375,NA,NA,16297074
Midwest,2020-06-01,23,1125,18525,9,384,NA,NA,16297074
Midwest,2020-06-02,23,1463,19988,34,418,NA,NA,16297074
Midwest,2020-06-03,23,1252,21240,24,442,NA,NA,16297074
Midwest,2020-06-04,23,1746,22986,20,462,NA,NA,16297074
Midwest,2020-06-05,23,2073,25059,16,478,NA,NA,16297074
Midwest,2020-06-06,23,2254,27313,19,497,NA,NA,16297074
Midwest,2020-06-07,24,1254,28567,20,517,NA,NA,16297074
Midwest,2020-06-08,24,610,29177,8,525,NA,NA,16297074
Midwest,2020-06-09,24,2228,31405,48,573,NA,NA,16297074
Midwest,2020-06-10,24,2386,33791,41,614,NA,NA,16297074
Midwest,2020-06-11,24,2318,36109,34,648,NA,NA,16297074
Midwest,2020-06-12,24,1497,37606,31,679,NA,NA,16297074
Midwest,2020-06-13,24,1052,38658,42,721,NA,NA,16297074
Midwest,2020-06-14,25,1451,40109,34,755,NA,NA,16297074
Midwest,2020-06-15,25,3493,43602,39,794,NA,NA,16297074
Midwest,2020-06-16,25,3215,46817,62,856,NA,NA,16297074
Midwest,2020-06-17,25,3847,50664,63,919,NA,NA,16297074
Midwest,2020-06-18,25,2947,53611,44,963,NA,NA,16297074
Midwest,2020-06-19,25,4337,57948,63,1026,NA,NA,16297074
Midwest,2020-06-20,25,3122,61070,51,1077,NA,NA,16297074
Midwest,2020-06-21,26,2483,63553,54,1131,NA,NA,16297074
Midwest,2020-06-22,26,2543,66096,60,1191,NA,NA,16297074
Midwest,2020-06-23,26,3283,69379,69,1260,NA,NA,16297074
Midwest,2020-06-24,26,4141,73520,97,1357,NA,NA,16297074
Midwest,2020-06-25,26,3578,77098,59,1416,NA,NA,16297074
Midwest,2020-06-26,26,5030,82128,70,1486,NA,NA,16297074
Midwest,2020-06-27,26,3370,85498,75,1561,NA,NA,16297074
Midwest,2020-06-28,27,3605,89103,57,1618,NA,NA,16297074
Midwest,2020-06-29,27,3737,92840,35,1653,NA,NA,16297074
Midwest,2020-06-30,27,4360,97200,77,1730,NA,NA,16297074
Midwest,2020-07-01,27,4314,101514,112,1842,NA,NA,16297074
Midwest,2020-07-02,27,3819,105333,99,1941,NA,NA,16297074
Midwest,2020-07-03,27,3235,108568,104,2045,NA,NA,16297074
Midwest,2020-07-04,27,5694,114262,106,2151,NA,NA,16297074
Midwest,2020-07-05,28,3098,117360,93,2244,NA,NA,16297074
Midwest,2020-07-06,28,4068,121428,84,2328,NA,NA,16297074
Midwest,2020-07-07,28,5667,127095,114,2442,NA,NA,16297074
Midwest,2020-07-08,28,4781,131876,108,2550,NA,NA,16297074
Midwest,2020-07-09,28,4612,136488,106,2656,NA,NA,16297074
Midwest,2020-07-10,28,4604,141092,139,2795,NA,NA,16297074
Midwest,2020-07-11,28,3712,144804,102,2897,NA,NA,16297074
Midwest,2020-07-12,29,3760,148564,62,2959,NA,NA,16297074
Midwest,2020-07-13,29,2669,151233,75,3034,NA,NA,16297074
Midwest,2020-07-14,29,3466,154699,88,3122,NA,NA,16297074
Midwest,2020-07-15,29,4525,159224,163,3285,NA,NA,16297074
Midwest,2020-07-16,29,5039,164263,136,3421,NA,NA,16297074
Midwest,2020-07-17,29,4594,168857,139,3560,NA,NA,16297074
Midwest,2020-07-18,29,1814,170671,115,3675,NA,NA,16297074
Midwest,2020-07-19,30,3049,173720,56,3731,NA,NA,16297074
Midwest,2020-07-20,30,3615,177335,99,3830,NA,NA,16297074
Midwest,2020-07-21,30,6998,184333,130,3960,NA,NA,16297074
Midwest,2020-07-22,30,8413,192746,119,4079,NA,NA,16297074
Midwest,2020-07-23,30,8161,200907,158,4237,NA,NA,16297074
Midwest,2020-07-24,30,6863,207770,121,4358,NA,NA,16297074
Midwest,2020-07-25,30,5168,212938,153,4511,NA,NA,16297074
Midwest,2020-07-26,31,4153,217091,74,4585,NA,NA,16297074
Midwest,2020-07-27,31,6014,223105,98,4683,NA,NA,16297074
Midwest,2020-07-28,31,7246,230351,178,4861,NA,NA,16297074
Midwest,2020-07-29,31,7377,237728,156,5017,NA,NA,16297074
Midwest,2020-07-30,31,6717,244445,111,5128,NA,NA,16297074
Midwest,2020-07-31,31,6589,251034,192,5320,NA,NA,16297074
North,2020-02-25,9,0,0,0,0,NA,NA,18430980
North,2020-02-26,9,0,0,0,0,NA,NA,18430980
North,2020-02-27,9,0,0,0,0,NA,NA,18430980
North,2020-02-28,9,0,0,0,0,NA,NA,18430980
North,2020-02-29,9,0,0,0,0,NA,NA,18430980
North,2020-03-01,10,0,0,0,0,NA,NA,18430980
North,2020-03-02,10,0,0,0,0,NA,NA,18430980
North,2020-03-03,10,0,0,0,0,NA,NA,18430980
North,2020-03-04,10,0,0,0,0,NA,NA,18430980
North,2020-03-05,10,0,0,0,0,NA,NA,18430980
North,2020-03-06,10,0,0,0,0,NA,NA,18430980
North,2020-03-07,10,0,0,0,0,NA,NA,18430980
North,2020-03-08,11,0,0,0,0,NA,NA,18430980
North,2020-03-09,11,0,0,0,0,NA,NA,18430980
North,2020-03-10,11,0,0,0,0,NA,NA,18430980
North,2020-03-11,11,0,0,0,0,NA,NA,18430980
North,2020-03-12,11,0,0,0,0,NA,NA,18430980
North,2020-03-13,11,0,0,0,0,NA,NA,18430980
North,2020-03-14,11,0,0,0,0,NA,NA,18430980
North,2020-03-15,12,1,1,0,0,NA,NA,18430980
North,2020-03-16,12,0,1,0,0,NA,NA,18430980
North,2020-03-17,12,0,1,0,0,NA,NA,18430980
North,2020-03-18,12,0,1,0,0,NA,NA,18430980
North,2020-03-19,12,7,8,0,0,NA,NA,18430980
North,2020-03-20,12,7,15,0,0,NA,NA,18430980
North,2020-03-21,12,11,26,0,0,NA,NA,18430980
North,2020-03-22,13,23,49,0,0,NA,NA,18430980
North,2020-03-23,13,10,59,0,0,NA,NA,18430980
North,2020-03-24,13,23,82,0,0,NA,NA,18430980
North,2020-03-25,13,23,105,1,1,NA,NA,18430980
North,2020-03-26,13,21,126,0,1,NA,NA,18430980
North,2020-03-27,13,19,145,0,1,NA,NA,18430980
North,2020-03-28,13,39,184,0,1,NA,NA,18430980
North,2020-03-29,14,43,227,0,1,NA,NA,18430980
North,2020-03-30,14,27,254,0,1,NA,NA,18430980
North,2020-03-31,14,40,294,3,4,NA,NA,18430980
North,2020-04-01,14,43,337,1,5,NA,NA,18430980
North,2020-04-02,14,40,377,0,5,NA,NA,18430980
North,2020-04-03,14,50,427,4,9,NA,NA,18430980
North,2020-04-04,14,100,527,7,16,NA,NA,18430980
North,2020-04-05,15,124,651,3,19,NA,NA,18430980
North,2020-04-06,15,140,791,7,26,NA,NA,18430980
North,2020-04-07,15,160,951,7,33,NA,NA,18430980
North,2020-04-08,15,271,1222,9,42,NA,NA,18430980
North,2020-04-09,15,138,1360,12,54,NA,NA,18430980
North,2020-04-10,15,145,1505,14,68,NA,NA,18430980
North,2020-04-11,15,158,1663,5,73,NA,NA,18430980
North,2020-04-12,16,235,1898,14,87,NA,NA,18430980
North,2020-04-13,16,130,2028,12,99,NA,NA,18430980
North,2020-04-14,16,388,2416,24,123,NA,NA,18430980
North,2020-04-15,16,166,2582,20,143,NA,NA,18430980
North,2020-04-16,16,294,2876,26,169,NA,NA,18430980
North,2020-04-17,16,282,3158,24,193,NA,NA,18430980
North,2020-04-18,16,258,3416,23,216,NA,NA,18430980
North,2020-04-19,17,275,3691,25,241,NA,NA,18430980
North,2020-04-20,17,418,4109,8,249,NA,NA,18430980
North,2020-04-21,17,322,4431,11,260,NA,NA,18430980
North,2020-04-22,17,476,4907,21,281,NA,NA,18430980
North,2020-04-23,17,607,5514,42,323,NA,NA,18430980
North,2020-04-24,17,630,6144,46,369,NA,NA,18430980
North,2020-04-25,17,736,6880,46,415,NA,NA,18430980
North,2020-04-26,18,720,7600,37,452,NA,NA,18430980
North,2020-04-27,18,444,8044,38,490,NA,NA,18430980
North,2020-04-28,18,701,8745,53,543,NA,NA,18430980
North,2020-04-29,18,849,9594,46,589,NA,NA,18430980
North,2020-04-30,18,1178,10772,123,712,NA,NA,18430980
North,2020-05-01,18,1085,11857,84,796,NA,NA,18430980
North,2020-05-02,18,917,12774,75,871,NA,NA,18430980
North,2020-05-03,19,1602,14376,92,963,NA,NA,18430980
North,2020-05-04,19,1286,15662,70,1033,NA,NA,18430980
North,2020-05-05,19,1700,17362,116,1149,NA,NA,18430980
North,2020-05-06,19,2113,19475,138,1287,NA,NA,18430980
North,2020-05-07,19,1902,21377,86,1373,NA,NA,18430980
North,2020-05-08,19,1830,23207,184,1557,NA,NA,18430980
North,2020-05-09,19,2358,25565,159,1716,NA,NA,18430980
North,2020-05-10,20,1630,27195,128,1844,NA,NA,18430980
North,2020-05-11,20,856,28051,100,1944,NA,NA,18430980
North,2020-05-12,20,2849,30900,246,2190,NA,NA,18430980
North,2020-05-13,20,3188,34088,162,2352,NA,NA,18430980
North,2020-05-14,20,3343,37431,218,2570,NA,NA,18430980
North,2020-05-15,20,3042,40473,192,2762,NA,NA,18430980
North,2020-05-16,20,2993,43466,124,2886,NA,NA,18430980
North,2020-05-17,21,1811,45277,101,2987,NA,NA,18430980
North,2020-05-18,21,2042,47319,138,3125,NA,NA,18430980
North,2020-05-19,21,3788,51107,279,3404,NA,NA,18430980
North,2020-05-20,21,4473,55580,204,3608,NA,NA,18430980
North,2020-05-21,21,4615,60195,313,3921,NA,NA,18430980
North,2020-05-22,21,4595,64790,158,4079,NA,NA,18430980
North,2020-05-23,21,4580,69370,162,4241,NA,NA,18430980
North,2020-05-24,22,3366,72736,177,4418,NA,NA,18430980
North,2020-05-25,22,3186,75922,265,4683,NA,NA,18430980
North,2020-05-26,22,5309,81231,215,4898,NA,NA,18430980
North,2020-05-27,22,5747,86978,138,5036,NA,NA,18430980
North,2020-05-28,22,7107,94085,264,5300,NA,NA,18430980
North,2020-05-29,22,6831,100916,203,5503,NA,NA,18430980
North,2020-05-30,22,4348,105264,133,5636,NA,NA,18430980
North,2020-05-31,23,2488,107752,54,5690,NA,NA,18430980
North,2020-06-01,23,1493,109245,46,5736,NA,NA,18430980
North,2020-06-02,23,5943,115188,179,5915,NA,NA,18430980
North,2020-06-03,23,6273,121461,220,6135,NA,NA,18430980
North,2020-06-04,23,7456,128917,307,6442,NA,NA,18430980
North,2020-06-05,23,6195,135112,186,6628,NA,NA,18430980
North,2020-06-06,23,5590,140702,149,6777,NA,NA,18430980
North,2020-06-07,24,3149,143851,106,6883,NA,NA,18430980
North,2020-06-08,24,3615,147466,147,7030,NA,NA,18430980
North,2020-06-09,24,6472,153938,183,7213,NA,NA,18430980
North,2020-06-10,24,6829,160767,172,7385,NA,NA,18430980
North,2020-06-11,24,5275,166042,198,7583,NA,NA,18430980
North,2020-06-12,24,5055,171097,160,7743,NA,NA,18430980
North,2020-06-13,24,4778,175875,110,7853,NA,NA,18430980
North,2020-06-14,25,1676,177551,69,7922,NA,NA,18430980
North,2020-06-15,25,1232,178783,56,7978,NA,NA,18430980
North,2020-06-16,25,5759,184542,172,8150,NA,NA,18430980
North,2020-06-17,25,6444,190986,131,8281,NA,NA,18430980
North,2020-06-18,25,5423,196409,105,8386,NA,NA,18430980
North,2020-06-19,25,6214,202623,136,8522,NA,NA,18430980
North,2020-06-20,25,7189,209812,118,8640,NA,NA,18430980
North,2020-06-21,26,3128,212940,102,8742,NA,NA,18430980
North,2020-06-22,26,5524,218464,71,8813,NA,NA,18430980
North,2020-06-23,26,9096,227560,119,8932,NA,NA,18430980
North,2020-06-24,26,7178,234738,112,9044,NA,NA,18430980
North,2020-06-25,26,5754,240492,85,9129,NA,NA,18430980
North,2020-06-26,26,6369,246861,92,9221,NA,NA,18430980
North,2020-06-27,26,4603,251464,90,9311,NA,NA,18430980
North,2020-06-28,27,4060,255524,33,9344,NA,NA,18430980
North,2020-06-29,27,2199,257723,68,9412,NA,NA,18430980
North,2020-06-30,27,4707,262430,114,9526,NA,NA,18430980
North,2020-07-01,27,6186,268616,105,9631,NA,NA,18430980
North,2020-07-02,27,7189,275805,133,9764,NA,NA,18430980
North,2020-07-03,27,5129,280934,100,9864,NA,NA,18430980
North,2020-07-04,27,5846,286780,82,9946,NA,NA,18430980
North,2020-07-05,28,2426,289206,55,10001,NA,NA,18430980
North,2020-07-06,28,1954,291160,38,10039,NA,NA,18430980
North,2020-07-07,28,6050,297210,76,10115,NA,NA,18430980
North,2020-07-08,28,5098,302308,91,10206,NA,NA,18430980
North,2020-07-09,28,5370,307678,75,10281,NA,NA,18430980
North,2020-07-10,28,6080,313758,81,10362,NA,NA,18430980
North,2020-07-11,28,5049,318807,91,10453,NA,NA,18430980
North,2020-07-12,29,2072,320879,54,10507,NA,NA,18430980
North,2020-07-13,29,2838,323717,45,10552,NA,NA,18430980
North,2020-07-14,29,5077,328794,76,10628,NA,NA,18430980
North,2020-07-15,29,5693,334487,65,10693,NA,NA,18430980
North,2020-07-16,29,6169,340656,97,10790,NA,NA,18430980
North,2020-07-17,29,4809,345465,121,10911,NA,NA,18430980
North,2020-07-18,29,4502,349967,61,10972,NA,NA,18430980
North,2020-07-19,30,1787,351754,76,11048,NA,NA,18430980
North,2020-07-20,30,3023,354777,56,11104,NA,NA,18430980
North,2020-07-21,30,4861,359638,90,11194,NA,NA,18430980
North,2020-07-22,30,6819,366457,108,11302,NA,NA,18430980
North,2020-07-23,30,6659,373116,97,11399,NA,NA,18430980
North,2020-07-24,30,5691,378807,78,11477,NA,NA,18430980
North,2020-07-25,30,4916,383723,82,11559,NA,NA,18430980
North,2020-07-26,31,2574,386297,47,11606,NA,NA,18430980
North,2020-07-27,31,1908,388205,50,11656,NA,NA,18430980
North,2020-07-28,31,4943,393148,30,11686,NA,NA,18430980
North,2020-07-29,31,5280,398428,35,11721,NA,NA,18430980
North,2020-07-30,31,5047,403475,45,11766,NA,NA,18430980
North,2020-07-31,31,4075,407550,84,11850,NA,NA,18430980
Northeast,2020-02-25,9,0,0,0,0,NA,NA,57071654
Northeast,2020-02-26,9,0,0,0,0,NA,NA,57071654
Northeast,2020-02-27,9,0,0,0,0,NA,NA,57071654
Northeast,2020-02-28,9,0,0,0,0,NA,NA,57071654
Northeast,2020-02-29,9,0,0,0,0,NA,NA,57071654
Northeast,2020-03-01,10,0,0,0,0,NA,NA,57071654
Northeast,2020-03-02,10,0,0,0,0,NA,NA,57071654
Northeast,2020-03-03,10,0,0,0,0,NA,NA,57071654
Northeast,2020-03-04,10,0,0,0,0,NA,NA,57071654
Northeast,2020-03-05,10,0,0,0,0,NA,NA,57071654
Northeast,2020-03-06,10,1,1,0,0,NA,NA,57071654
Northeast,2020-03-07,10,1,2,0,0,NA,NA,57071654
Northeast,2020-03-08,11,1,3,0,0,NA,NA,57071654
Northeast,2020-03-09,11,0,3,0,0,NA,NA,57071654
Northeast,2020-03-10,11,0,3,0,0,NA,NA,57071654
Northeast,2020-03-11,11,0,3,0,0,NA,NA,57071654
Northeast,2020-03-12,11,2,5,0,0,NA,NA,57071654
Northeast,2020-03-13,11,1,6,0,0,NA,NA,57071654
Northeast,2020-03-14,11,0,6,0,0,NA,NA,57071654
Northeast,2020-03-15,12,1,7,0,0,NA,NA,57071654
Northeast,2020-03-16,12,0,7,0,0,NA,NA,57071654
Northeast,2020-03-17,12,23,30,0,0,NA,NA,57071654
Northeast,2020-03-18,12,5,35,0,0,NA,NA,57071654
Northeast,2020-03-19,12,55,90,0,0,NA,NA,57071654
Northeast,2020-03-20,12,44,134,0,0,NA,NA,57071654
Northeast,2020-03-21,12,34,168,0,0,NA,NA,57071654
Northeast,2020-03-22,13,63,231,0,0,NA,NA,57071654
Northeast,2020-03-23,13,77,308,0,0,NA,NA,57071654
Northeast,2020-03-24,13,46,354,0,0,NA,NA,57071654
Northeast,2020-03-25,13,36,390,1,1,NA,NA,57071654
Northeast,2020-03-26,13,67,457,5,6,NA,NA,57071654
Northeast,2020-03-27,13,82,539,1,7,NA,NA,57071654
Northeast,2020-03-28,13,84,623,3,10,NA,NA,57071654
Northeast,2020-03-29,14,97,720,3,13,NA,NA,57071654
Northeast,2020-03-30,14,70,790,4,17,NA,NA,57071654
Northeast,2020-03-31,14,85,875,5,22,NA,NA,57071654
Northeast,2020-04-01,14,130,1005,5,27,NA,NA,57071654
Northeast,2020-04-02,14,175,1180,16,43,NA,NA,57071654
Northeast,2020-04-03,14,219,1399,8,51,NA,NA,57071654
Northeast,2020-04-04,14,243,1642,8,59,NA,NA,57071654
Northeast,2020-04-05,15,238,1880,19,78,NA,NA,57071654
Northeast,2020-04-06,15,287,2167,14,92,NA,NA,57071654
Northeast,2020-04-07,15,250,2417,11,103,NA,NA,57071654
Northeast,2020-04-08,15,408,2825,38,141,NA,NA,57071654
Northeast,2020-04-09,15,417,3242,32,173,NA,NA,57071654
Northeast,2020-04-10,15,286,3528,21,194,NA,NA,57071654
Northeast,2020-04-11,15,354,3882,25,219,NA,NA,57071654
Northeast,2020-04-12,16,364,4246,27,246,NA,NA,57071654
Northeast,2020-04-13,16,470,4716,41,287,NA,NA,57071654
Northeast,2020-04-14,16,497,5213,39,326,NA,NA,57071654
Northeast,2020-04-15,16,618,5831,51,377,NA,NA,57071654
Northeast,2020-04-16,16,677,6508,35,412,NA,NA,57071654
Northeast,2020-04-17,16,961,7469,67,479,NA,NA,57071654
Northeast,2020-04-18,16,1038,8507,54,533,NA,NA,57071654
Northeast,2020-04-19,17,793,9300,46,579,NA,NA,57071654
Northeast,2020-04-20,17,788,10088,47,626,NA,NA,57071654
Northeast,2020-04-21,17,780,10868,55,681,NA,NA,57071654
Northeast,2020-04-22,17,1101,11969,60,741,NA,NA,57071654
Northeast,2020-04-23,17,1412,13381,91,832,NA,NA,57071654
Northeast,2020-04-24,17,1284,14665,89,921,NA,NA,57071654
Northeast,2020-04-25,17,1628,16293,81,1002,NA,NA,57071654
Northeast,2020-04-26,18,1238,17531,77,1079,NA,NA,57071654
Northeast,2020-04-27,18,1896,19427,121,1200,NA,NA,57071654
Northeast,2020-04-28,18,1238,20665,111,1311,NA,NA,57071654
Northeast,2020-04-29,18,1779,22444,118,1429,NA,NA,57071654
Northeast,2020-04-30,18,2074,24518,107,1536,NA,NA,57071654
Northeast,2020-05-01,18,1852,26370,107,1643,NA,NA,57071654
Northeast,2020-05-02,18,2116,28486,177,1820,NA,NA,57071654
Northeast,2020-05-03,19,1536,30022,98,1918,NA,NA,57071654
Northeast,2020-05-04,19,3576,33598,133,2051,NA,NA,57071654
Northeast,2020-05-05,19,2043,35641,193,2244,NA,NA,57071654
Northeast,2020-05-06,19,2590,38231,164,2408,NA,NA,57071654
Northeast,2020-05-07,19,3926,42157,145,2553,NA,NA,57071654
Northeast,2020-05-08,19,3567,45724,221,2774,NA,NA,57071654
Northeast,2020-05-09,19,3632,49356,207,2981,NA,NA,57071654
Northeast,2020-05-10,20,3344,52700,186,3167,NA,NA,57071654
Northeast,2020-05-11,20,2608,55308,170,3337,NA,NA,57071654
Northeast,2020-05-12,20,3008,58316,231,3568,NA,NA,57071654
Northeast,2020-05-13,20,3453,61769,250,3818,NA,NA,57071654
Northeast,2020-05-14,20,4800,66569,186,4004,NA,NA,57071654
Northeast,2020-05-15,20,5507,72076,219,4223,NA,NA,57071654
Northeast,2020-05-16,20,5993,78069,298,4521,NA,NA,57071654
Northeast,2020-05-17,21,3468,81537,152,4673,NA,NA,57071654
Northeast,2020-05-18,21,4593,86130,316,4989,NA,NA,57071654
Northeast,2020-05-19,21,7941,94071,296,5285,NA,NA,57071654
Northeast,2020-05-20,21,6345,100416,252,5537,NA,NA,57071654
Northeast,2020-05-21,21,5707,106123,440,5977,NA,NA,57071654
Northeast,2020-05-22,21,8410,114533,307,6284,NA,NA,57071654
Northeast,2020-05-23,21,5268,119801,231,6515,NA,NA,57071654
Northeast,2020-05-24,22,6081,125882,211,6726,NA,NA,57071654
Northeast,2020-05-25,22,4114,129996,314,7040,NA,NA,57071654
Northeast,2020-05-26,22,5627,135623,298,7338,NA,NA,57071654
Northeast,2020-05-27,22,6083,141706,354,7692,NA,NA,57071654
Northeast,2020-05-28,22,5986,147692,294,7986,NA,NA,57071654
Northeast,2020-05-29,22,8414,156106,351,8337,NA,NA,57071654
Northeast,2020-05-30,22,15110,171216,311,8648,NA,NA,57071654
Northeast,2020-05-31,23,7536,178752,218,8866,NA,NA,57071654
Northeast,2020-06-01,23,5695,184447,362,9228,NA,NA,57071654
Northeast,2020-06-02,23,9901,194348,413,9641,NA,NA,57071654
Northeast,2020-06-03,23,10187,204535,425,10066,NA,NA,57071654
Northeast,2020-06-04,23,11081,215616,468,10534,NA,NA,57071654
Northeast,2020-06-05,23,11472,227088,285,10819,NA,NA,57071654
Northeast,2020-06-06,23,8845,235933,285,11104,NA,NA,57071654
Northeast,2020-06-07,24,6659,242592,197,11301,NA,NA,57071654
Northeast,2020-06-08,24,6697,249289,353,11654,NA,NA,57071654
Northeast,2020-06-09,24,11380,260669,480,12134,NA,NA,57071654
Northeast,2020-06-10,24,11611,272280,427,12561,NA,NA,57071654
Northeast,2020-06-11,24,11847,284127,437,12998,NA,NA,57071654
Northeast,2020-06-12,24,8679,292806,369,13367,NA,NA,57071654
Northeast,2020-06-13,24,7762,300568,281,13648,NA,NA,57071654
Northeast,2020-06-14,25,6196,306764,241,13889,NA,NA,57071654
Northeast,2020-06-15,25,8293,315057,343,14232,NA,NA,57071654
Northeast,2020-06-16,25,10739,325796,321,14553,NA,NA,57071654
Northeast,2020-06-17,25,12435,338231,403,14956,NA,NA,57071654
Northeast,2020-06-18,25,8055,346286,364,15320,NA,NA,57071654
Northeast,2020-06-19,25,14132,360418,318,15638,NA,NA,57071654
Northeast,2020-06-20,25,13520,373938,275,15913,NA,NA,57071654
Northeast,2020-06-21,26,5359,379297,250,16163,NA,NA,57071654
Northeast,2020-06-22,26,5595,384892,304,16467,NA,NA,57071654
Northeast,2020-06-23,26,11046,395938,382,16849,NA,NA,57071654
Northeast,2020-06-24,26,12403,408341,399,17248,NA,NA,57071654
Northeast,2020-06-25,26,11852,420193,345,17593,NA,NA,57071654
Northeast,2020-06-26,26,12511,432704,366,17959,NA,NA,57071654
Northeast,2020-06-27,26,18372,451076,365,18324,NA,NA,57071654
Northeast,2020-06-28,27,8632,459708,242,18566,NA,NA,57071654
Northeast,2020-06-29,27,9894,469602,357,18923,NA,NA,57071654
Northeast,2020-06-30,27,10752,480354,355,19278,NA,NA,57071654
Northeast,2020-07-01,27,16976,497330,307,19585,NA,NA,57071654
Northeast,2020-07-02,27,14367,511697,393,19978,NA,NA,57071654
Northeast,2020-07-03,27,14386,526083,431,20409,NA,NA,57071654
Northeast,2020-07-04,27,14008,540091,314,20723,NA,NA,57071654
Northeast,2020-07-05,28,6868,546959,234,20957,NA,NA,57071654
Northeast,2020-07-06,28,5623,552582,278,21235,NA,NA,57071654
Northeast,2020-07-07,28,13863,566445,370,21605,NA,NA,57071654
Northeast,2020-07-08,28,14183,580628,427,22032,NA,NA,57071654
Northeast,2020-07-09,28,13807,594435,359,22391,NA,NA,57071654
Northeast,2020-07-10,28,14439,608874,301,22692,NA,NA,57071654
Northeast,2020-07-11,28,13208,622082,341,23033,NA,NA,57071654
Northeast,2020-07-12,29,8017,630099,255,23288,NA,NA,57071654
Northeast,2020-07-13,29,5513,635612,322,23610,NA,NA,57071654
Northeast,2020-07-14,29,12028,647640,315,23925,NA,NA,57071654
Northeast,2020-07-15,29,12071,659711,347,24272,NA,NA,57071654
Northeast,2020-07-16,29,13782,673493,373,24645,NA,NA,57071654
Northeast,2020-07-17,29,9556,683049,257,24902,NA,NA,57071654
Northeast,2020-07-18,29,9979,693028,292,25194,NA,NA,57071654
Northeast,2020-07-19,30,7655,700683,201,25395,NA,NA,57071654
Northeast,2020-07-20,30,4805,705488,246,25641,NA,NA,57071654
Northeast,2020-07-21,30,10385,715873,375,26016,NA,NA,57071654
Northeast,2020-07-22,30,19384,735257,280,26296,NA,NA,57071654
Northeast,2020-07-23,30,18336,753593,329,26625,NA,NA,57071654
Northeast,2020-07-24,30,16150,769743,294,26919,NA,NA,57071654
Northeast,2020-07-25,30,13600,783343,258,27177,NA,NA,57071654
Northeast,2020-07-26,31,6553,789896,206,27383,NA,NA,57071654
Northeast,2020-07-27,31,5743,795639,209,27592,NA,NA,57071654
Northeast,2020-07-28,31,15141,810780,294,27886,NA,NA,57071654
Northeast,2020-07-29,31,17105,827885,263,28149,NA,NA,57071654
Northeast,2020-07-30,31,15484,843369,227,28376,NA,NA,57071654
Northeast,2020-07-31,31,15458,858827,243,28619,NA,NA,57071654
South,2020-02-25,9,0,0,0,0,NA,NA,29975984
South,2020-02-26,9,0,0,0,0,NA,NA,29975984
South,2020-02-27,9,0,0,0,0,NA,NA,29975984
South,2020-02-28,9,0,0,0,0,NA,NA,29975984
South,2020-02-29,9,0,0,0,0,NA,NA,29975984
South,2020-03-01,10,0,0,0,0,NA,NA,29975984
South,2020-03-02,10,0,0,0,0,NA,NA,29975984
South,2020-03-03,10,0,0,0,0,NA,NA,29975984
South,2020-03-04,10,0,0,0,0,NA,NA,29975984
South,2020-03-05,10,0,0,0,0,NA,NA,29975984
South,2020-03-06,10,0,0,0,0,NA,NA,29975984
South,2020-03-07,10,0,0,0,0,NA,NA,29975984
South,2020-03-08,11,0,0,0,0,NA,NA,29975984
South,2020-03-09,11,0,0,0,0,NA,NA,29975984
South,2020-03-10,11,1,1,0,0,NA,NA,29975984
South,2020-03-11,11,1,2,0,0,NA,NA,29975984
South,2020-03-12,11,8,10,0,0,NA,NA,29975984
South,2020-03-13,11,2,12,0,0,NA,NA,29975984
South,2020-03-14,11,4,16,0,0,NA,NA,29975984
South,2020-03-15,12,2,18,0,0,NA,NA,29975984
South,2020-03-16,12,1,19,0,0,NA,NA,29975984
South,2020-03-17,12,4,23,0,0,NA,NA,29975984
South,2020-03-18,12,19,42,0,0,NA,NA,29975984
South,2020-03-19,12,29,71,0,0,NA,NA,29975984
South,2020-03-20,12,19,90,0,0,NA,NA,29975984
South,2020-03-21,12,64,154,0,0,NA,NA,29975984
South,2020-03-22,13,25,179,0,0,NA,NA,29975984
South,2020-03-23,13,31,210,0,0,NA,NA,29975984
South,2020-03-24,13,60,270,0,0,NA,NA,29975984
South,2020-03-25,13,43,313,1,1,NA,NA,29975984
South,2020-03-26,13,79,392,1,2,NA,NA,29975984
South,2020-03-27,13,71,463,3,5,NA,NA,29975984
South,2020-03-28,13,51,514,0,5,NA,NA,29975984
South,2020-03-29,14,54,568,0,5,NA,NA,29975984
South,2020-03-30,14,25,593,2,7,NA,NA,29975984
South,2020-03-31,14,79,672,2,9,NA,NA,29975984
South,2020-04-01,14,93,765,0,9,NA,NA,29975984
South,2020-04-02,14,68,833,2,11,NA,NA,29975984
South,2020-04-03,14,145,978,3,14,NA,NA,29975984
South,2020-04-04,14,161,1139,3,17,NA,NA,29975984
South,2020-04-05,15,74,1213,9,26,NA,NA,29975984
South,2020-04-06,15,105,1318,2,28,NA,NA,29975984
South,2020-04-07,15,110,1428,6,34,NA,NA,29975984
South,2020-04-08,15,123,1551,7,41,NA,NA,29975984
South,2020-04-09,15,177,1728,10,51,NA,NA,29975984
South,2020-04-10,15,244,1972,6,57,NA,NA,29975984
South,2020-04-11,15,76,2048,5,62,NA,NA,29975984
South,2020-04-12,16,111,2159,8,70,NA,NA,29975984
South,2020-04-13,16,38,2197,1,71,NA,NA,29975984
South,2020-04-14,16,120,2317,9,80,NA,NA,29975984
South,2020-04-15,16,86,2403,5,85,NA,NA,29975984
South,2020-04-16,16,93,2496,4,89,NA,NA,29975984
South,2020-04-17,16,106,2602,5,94,NA,NA,29975984
South,2020-04-18,16,136,2738,7,101,NA,NA,29975984
South,2020-04-19,17,78,2816,3,104,NA,NA,29975984
South,2020-04-20,17,105,2921,9,113,NA,NA,29975984
South,2020-04-21,17,70,2991,0,113,NA,NA,29975984
South,2020-04-22,17,86,3077,8,121,NA,NA,29975984
South,2020-04-23,17,114,3191,7,128,NA,NA,29975984
South,2020-04-24,17,159,3350,9,137,NA,NA,29975984
South,2020-04-25,17,95,3445,8,145,NA,NA,29975984
South,2020-04-26,18,112,3557,4,149,NA,NA,29975984
South,2020-04-27,18,194,3751,11,160,NA,NA,29975984
South,2020-04-28,18,282,4033,6,166,NA,NA,29975984
South,2020-04-29,18,678,4711,10,176,NA,NA,29975984
South,2020-04-30,18,247,4958,4,180,NA,NA,29975984
South,2020-05-01,18,122,5080,15,195,NA,NA,29975984
South,2020-05-02,18,377,5457,9,204,NA,NA,29975984
South,2020-05-03,19,69,5526,6,210,NA,NA,29975984
South,2020-05-04,19,266,5792,10,220,NA,NA,29975984
South,2020-05-05,19,234,6026,13,233,NA,NA,29975984
South,2020-05-06,19,568,6594,14,247,NA,NA,29975984
South,2020-05-07,19,273,6867,10,257,NA,NA,29975984
South,2020-05-08,19,496,7363,3,260,NA,NA,29975984
South,2020-05-09,19,287,7650,6,266,NA,NA,29975984
South,2020-05-10,20,156,7806,5,271,NA,NA,29975984
South,2020-05-11,20,148,7954,14,285,NA,NA,29975984
South,2020-05-12,20,602,8556,12,297,NA,NA,29975984
South,2020-05-13,20,185,8741,4,301,NA,NA,29975984
South,2020-05-14,20,651,9392,16,317,NA,NA,29975984
South,2020-05-15,20,906,10298,8,325,NA,NA,29975984
South,2020-05-16,20,317,10615,11,336,NA,NA,29975984
South,2020-05-17,21,182,10797,13,349,NA,NA,29975984
South,2020-05-18,21,473,11270,7,356,NA,NA,29975984
South,2020-05-19,21,374,11644,15,371,NA,NA,29975984
South,2020-05-20,21,1444,13088,21,392,NA,NA,29975984
South,2020-05-21,21,805,13893,13,405,NA,NA,29975984
South,2020-05-22,21,1422,15315,13,418,NA,NA,29975984
South,2020-05-23,21,727,16042,11,429,NA,NA,29975984
South,2020-05-24,22,336,16378,9,438,NA,NA,29975984
South,2020-05-25,22,387,16765,24,462,NA,NA,29975984
South,2020-05-26,22,548,17313,21,483,NA,NA,29975984
South,2020-05-27,22,819,18132,14,497,NA,NA,29975984
South,2020-05-28,22,2086,20218,16,513,NA,NA,29975984
South,2020-05-29,22,782,21000,7,520,NA,NA,29975984
South,2020-05-30,22,1493,22493,15,535,NA,NA,29975984
South,2020-05-31,23,563,23056,14,549,NA,NA,29975984
South,2020-06-01,23,609,23665,19,568,NA,NA,29975984
South,2020-06-02,23,1077,24742,24,592,NA,NA,29975984
South,2020-06-03,23,1184,25926,23,615,NA,NA,29975984
South,2020-06-04,23,1436,27362,21,636,NA,NA,29975984
South,2020-06-05,23,1415,28777,26,662,NA,NA,29975984
South,2020-06-06,23,1150,29927,19,681,NA,NA,29975984
South,2020-06-07,24,670,30597,13,694,NA,NA,29975984
South,2020-06-08,24,249,30846,11,705,NA,NA,29975984
South,2020-06-09,24,1462,32308,28,733,NA,NA,29975984
South,2020-06-10,24,1736,34044,42,775,NA,NA,29975984
South,2020-06-11,24,1534,35578,14,789,NA,NA,29975984
South,2020-06-12,24,676,36254,33,822,NA,NA,29975984
South,2020-06-13,24,902,37156,27,849,NA,NA,29975984
South,2020-06-14,25,448,37604,22,871,NA,NA,29975984
South,2020-06-15,25,1510,39114,22,893,NA,NA,29975984
South,2020-06-16,25,2316,41430,57,950,NA,NA,29975984
South,2020-06-17,25,1798,43228,39,989,NA,NA,29975984
South,2020-06-18,25,2086,45314,45,1034,NA,NA,29975984
South,2020-06-19,25,2380,47694,42,1076,NA,NA,29975984
South,2020-06-20,25,2214,49908,19,1095,NA,NA,29975984
South,2020-06-21,26,1523,51431,36,1131,NA,NA,29975984
South,2020-06-22,26,1340,52771,52,1183,NA,NA,29975984
South,2020-06-23,26,3190,55961,55,1238,NA,NA,29975984
South,2020-06-24,26,3932,59893,62,1300,NA,NA,29975984
South,2020-06-25,26,2939,62832,28,1328,NA,NA,29975984
South,2020-06-26,26,2901,65733,74,1402,NA,NA,29975984
South,2020-06-27,26,2894,68627,31,1433,NA,NA,29975984
South,2020-06-28,27,1722,70349,37,1470,NA,NA,29975984
South,2020-06-29,27,1692,72041,49,1519,NA,NA,29975984
South,2020-06-30,27,4131,76172,85,1604,NA,NA,29975984
South,2020-07-01,27,3503,79675,42,1646,NA,NA,29975984
South,2020-07-02,27,4399,84074,85,1731,NA,NA,29975984
South,2020-07-03,27,4724,88798,63,1794,NA,NA,29975984
South,2020-07-04,27,5322,94120,67,1861,NA,NA,29975984
South,2020-07-05,28,2263,96383,54,1915,NA,NA,29975984
South,2020-07-06,28,2609,98992,70,1985,NA,NA,29975984
South,2020-07-07,28,4458,103450,76,2061,NA,NA,29975984
South,2020-07-08,28,4632,108082,91,2152,NA,NA,29975984
South,2020-07-09,28,4184,112266,96,2248,NA,NA,29975984
South,2020-07-10,28,4842,117108,108,2356,NA,NA,29975984
South,2020-07-11,28,4435,121543,88,2444,NA,NA,29975984
South,2020-07-12,29,3265,124808,60,2504,NA,NA,29975984
South,2020-07-13,29,2245,127053,97,2601,NA,NA,29975984
South,2020-07-14,29,5353,132406,139,2740,NA,NA,29975984
South,2020-07-15,29,4933,137339,130,2870,NA,NA,29975984
South,2020-07-16,29,7191,144530,105,2975,NA,NA,29975984
South,2020-07-17,29,5050,149580,129,3104,NA,NA,29975984
South,2020-07-18,29,3351,152931,95,3199,NA,NA,29975984
South,2020-07-19,30,2147,155078,65,3264,NA,NA,29975984
South,2020-07-20,30,2694,157772,72,3336,NA,NA,29975984
South,2020-07-21,30,6081,163853,166,3502,NA,NA,29975984
South,2020-07-22,30,8703,172556,146,3648,NA,NA,29975984
South,2020-07-23,30,6571,179127,165,3813,NA,NA,29975984
South,2020-07-24,30,7156,186283,123,3936,NA,NA,29975984
South,2020-07-25,30,5761,192044,151,4087,NA,NA,29975984
South,2020-07-26,31,3685,195729,62,4149,NA,NA,29975984
South,2020-07-27,31,2454,198183,89,4238,NA,NA,29975984
South,2020-07-28,31,7327,205510,145,4383,NA,NA,29975984
South,2020-07-29,31,6907,212417,183,4566,NA,NA,29975984
South,2020-07-30,31,8448,220865,163,4729,NA,NA,29975984
South,2020-07-31,31,6012,226877,169,4898,NA,NA,29975984
Southeast,2020-02-25,9,0,0,0,0,NA,NA,88371433
Southeast,2020-02-26,9,1,1,0,0,NA,NA,88371433
Southeast,2020-02-27,9,0,1,0,0,NA,NA,88371433
Southeast,2020-02-28,9,0,1,0,0,NA,NA,88371433
Southeast,2020-02-29,9,1,2,0,0,NA,NA,88371433
Southeast,2020-03-01,10,0,2,0,0,NA,NA,88371433
Southeast,2020-03-02,10,0,2,0,0,NA,NA,88371433
Southeast,2020-03-03,10,0,2,0,0,NA,NA,88371433
Southeast,2020-03-04,10,1,3,0,0,NA,NA,88371433
Southeast,2020-03-05,10,4,7,0,0,NA,NA,88371433
Southeast,2020-03-06,10,5,12,0,0,NA,NA,88371433
Southeast,2020-03-07,10,4,16,0,0,NA,NA,88371433
Southeast,2020-03-08,11,5,21,0,0,NA,NA,88371433
Southeast,2020-03-09,11,0,21,0,0,NA,NA,88371433
Southeast,2020-03-10,11,8,29,0,0,NA,NA,88371433
Southeast,2020-03-11,11,16,45,0,0,NA,NA,88371433
Southeast,2020-03-12,11,15,60,0,0,NA,NA,88371433
Southeast,2020-03-13,11,15,75,0,0,NA,NA,88371433
Southeast,2020-03-14,11,15,90,0,0,NA,NA,88371433
Southeast,2020-03-15,12,73,163,0,0,NA,NA,88371433
Southeast,2020-03-16,12,26,189,0,0,NA,NA,88371433
Southeast,2020-03-17,12,16,205,1,1,NA,NA,88371433
Southeast,2020-03-18,12,104,309,3,4,NA,NA,88371433
Southeast,2020-03-19,12,82,391,2,6,NA,NA,88371433
Southeast,2020-03-20,12,162,553,5,11,NA,NA,88371433
Southeast,2020-03-21,12,89,642,7,18,NA,NA,88371433
Southeast,2020-03-22,13,284,926,7,25,NA,NA,88371433
Southeast,2020-03-23,13,209,1135,9,34,NA,NA,88371433
Southeast,2020-03-24,13,143,1278,12,46,NA,NA,88371433
Southeast,2020-03-25,13,126,1404,8,54,NA,NA,88371433
Southeast,2020-03-26,13,261,1665,13,67,NA,NA,88371433
Southeast,2020-03-27,13,287,1952,11,78,NA,NA,88371433
Southeast,2020-03-28,13,270,2222,19,97,NA,NA,88371433
Southeast,2020-03-29,14,120,2342,18,115,NA,NA,88371433
Southeast,2020-03-30,14,165,2507,17,132,NA,NA,88371433
Southeast,2020-03-31,14,899,3406,29,161,NA,NA,88371433
Southeast,2020-04-01,14,817,4223,34,195,NA,NA,88371433
Southeast,2020-04-02,14,765,4988,39,234,NA,NA,88371433
Southeast,2020-04-03,14,670,5658,42,276,NA,NA,88371433
Southeast,2020-04-04,14,637,6295,53,329,NA,NA,88371433
Southeast,2020-04-05,15,383,6678,22,351,NA,NA,88371433
Southeast,2020-04-06,15,368,7046,39,390,NA,NA,88371433
Southeast,2020-04-07,15,1092,8138,87,477,NA,NA,88371433
Southeast,2020-04-08,15,1349,9487,77,554,NA,NA,88371433
Southeast,2020-04-09,15,1137,10624,85,639,NA,NA,88371433
Southeast,2020-04-10,15,1054,11678,72,711,NA,NA,88371433
Southeast,2020-04-11,15,447,12125,30,741,NA,NA,88371433
Southeast,2020-04-12,16,674,12799,46,787,NA,NA,88371433
Southeast,2020-04-13,16,572,13371,46,833,NA,NA,88371433
Southeast,2020-04-14,16,757,14128,130,963,NA,NA,88371433
Southeast,2020-04-15,16,2118,16246,128,1091,NA,NA,88371433
Southeast,2020-04-16,16,978,17224,117,1208,NA,NA,88371433
Southeast,2020-04-17,16,1843,19067,121,1329,NA,NA,88371433
Southeast,2020-04-18,16,1399,20466,116,1445,NA,NA,88371433
Southeast,2020-04-19,17,819,21285,41,1486,NA,NA,88371433
Southeast,2020-04-20,17,551,21836,47,1533,NA,NA,88371433
Southeast,2020-04-21,17,1297,23133,99,1632,NA,NA,88371433
Southeast,2020-04-22,17,929,24062,73,1705,NA,NA,88371433
Southeast,2020-04-23,17,1521,25583,263,1968,NA,NA,88371433
Southeast,2020-04-24,17,1325,26908,210,2178,NA,NA,88371433
Southeast,2020-04-25,17,3000,29908,209,2387,NA,NA,88371433
Southeast,2020-04-26,18,1169,31077,70,2457,NA,NA,88371433
Southeast,2020-04-27,18,1945,33022,164,2621,NA,NA,88371433
Southeast,2020-04-28,18,3046,36068,301,2922,NA,NA,88371433
Southeast,2020-04-29,18,2824,38892,275,3197,NA,NA,88371433
Southeast,2020-04-30,18,3551,42443,197,3394,NA,NA,88371433
Southeast,2020-05-01,18,2694,45137,222,3616,NA,NA,88371433
Southeast,2020-05-02,18,1554,46691,131,3747,NA,NA,88371433
Southeast,2020-05-03,19,1424,48115,102,3849,NA,NA,88371433
Southeast,2020-05-04,19,1366,49481,82,3931,NA,NA,88371433
Southeast,2020-05-05,19,2817,52298,270,4201,NA,NA,88371433
Southeast,2020-05-06,19,5023,57321,291,4492,NA,NA,88371433
Southeast,2020-05-07,19,3371,60692,369,4861,NA,NA,88371433
Southeast,2020-05-08,19,4064,64756,334,5195,NA,NA,88371433
Southeast,2020-05-09,19,4119,68875,356,5551,NA,NA,88371433
Southeast,2020-05-10,20,1467,70342,172,5723,NA,NA,88371433
Southeast,2020-05-11,20,1867,72209,107,5830,NA,NA,88371433
Southeast,2020-05-12,20,2518,74727,386,6216,NA,NA,88371433
Southeast,2020-05-13,20,4232,78959,320,6536,NA,NA,88371433
Southeast,2020-05-14,20,4557,83516,414,6950,NA,NA,88371433
Southeast,2020-05-15,20,5243,88759,395,7345,NA,NA,88371433
Southeast,2020-05-16,20,5094,93853,378,7723,NA,NA,88371433
Southeast,2020-05-17,21,2085,95938,215,7938,NA,NA,88371433
Southeast,2020-05-18,21,5645,101583,200,8138,NA,NA,88371433
Southeast,2020-05-19,21,4887,106470,580,8718,NA,NA,88371433
Southeast,2020-05-20,21,7139,113609,400,9118,NA,NA,88371433
Southeast,2020-05-21,21,6693,120302,406,9524,NA,NA,88371433
Southeast,2020-05-22,21,5673,125975,504,10028,NA,NA,88371433
Southeast,2020-05-23,21,5372,131347,556,10584,NA,NA,88371433
Southeast,2020-05-24,22,5401,136748,244,10828,NA,NA,88371433
Southeast,2020-05-25,22,3502,140250,192,11020,NA,NA,88371433
Southeast,2020-05-26,22,4196,144446,485,11505,NA,NA,88371433
Southeast,2020-05-27,22,6930,151376,563,12068,NA,NA,88371433
Southeast,2020-05-28,22,10264,161640,561,12629,NA,NA,88371433
Southeast,2020-05-29,22,10004,171644,542,13171,NA,NA,88371433
Southeast,2020-05-30,22,10985,182629,484,13655,NA,NA,88371433
Southeast,2020-05-31,23,4611,187240,179,13834,NA,NA,88371433
Southeast,2020-06-01,23,3325,190565,187,14021,NA,NA,88371433
Southeast,2020-06-02,23,10552,201117,612,14633,NA,NA,88371433
Southeast,2020-06-03,23,9737,210854,657,15290,NA,NA,88371433
Southeast,2020-06-04,23,9206,220060,657,15947,NA,NA,88371433
Southeast,2020-06-05,23,9675,229735,492,16439,NA,NA,88371433
Southeast,2020-06-06,23,9236,238971,432,16871,NA,NA,88371433
Southeast,2020-06-07,24,7180,246151,189,17060,NA,NA,88371433
Southeast,2020-06-08,24,4483,250634,160,17220,NA,NA,88371433
Southeast,2020-06-09,24,10549,261183,533,17753,NA,NA,88371433
Southeast,2020-06-10,24,10351,271534,592,18345,NA,NA,88371433
Southeast,2020-06-11,24,9438,280972,556,18901,NA,NA,88371433
Southeast,2020-06-12,24,10075,291047,316,19217,NA,NA,88371433
Southeast,2020-06-13,24,7210,298257,432,19649,NA,NA,88371433
Southeast,2020-06-14,25,7339,305596,246,19895,NA,NA,88371433
Southeast,2020-06-15,25,6119,311715,167,20062,NA,NA,88371433
Southeast,2020-06-16,25,12889,324604,670,20732,NA,NA,88371433
Southeast,2020-06-17,25,7664,332268,633,21365,NA,NA,88371433
Southeast,2020-06-18,25,4254,336522,680,22045,NA,NA,88371433
Southeast,2020-06-19,25,27708,364230,647,22692,NA,NA,88371433
Southeast,2020-06-20,25,8621,372851,559,23251,NA,NA,88371433
Southeast,2020-06-21,26,4966,377817,199,23450,NA,NA,88371433
Southeast,2020-06-22,26,6430,384247,167,23617,NA,NA,88371433
Southeast,2020-06-23,26,12821,397068,749,24366,NA,NA,88371433
Southeast,2020-06-24,26,15071,412139,515,24881,NA,NA,88371433
Southeast,2020-06-25,26,15360,427499,624,25505,NA,NA,88371433
Southeast,2020-06-26,26,20049,447548,388,25893,NA,NA,88371433
Southeast,2020-06-27,26,9454,457002,548,26441,NA,NA,88371433
Southeast,2020-06-28,27,12457,469459,183,26624,NA,NA,88371433
Southeast,2020-06-29,27,6530,475989,183,26807,NA,NA,88371433
Southeast,2020-06-30,27,9896,485885,649,27456,NA,NA,88371433
Southeast,2020-07-01,27,15733,501618,472,27928,NA,NA,88371433
Southeast,2020-07-02,27,18331,519949,542,28470,NA,NA,88371433
Southeast,2020-07-03,27,14749,534698,592,29062,NA,NA,88371433
Southeast,2020-07-04,27,7053,541751,522,29584,NA,NA,88371433
Southeast,2020-07-05,28,11396,553147,166,29750,NA,NA,88371433
Southeast,2020-07-06,28,5975,559122,150,29900,NA,NA,88371433
Southeast,2020-07-07,28,15267,574389,618,30518,NA,NA,88371433
Southeast,2020-07-08,28,15877,590266,506,31024,NA,NA,88371433
Southeast,2020-07-09,28,14646,604912,584,31608,NA,NA,88371433
Southeast,2020-07-10,28,15083,619995,585,32193,NA,NA,88371433
Southeast,2020-07-11,28,12619,632614,449,32642,NA,NA,88371433
Southeast,2020-07-12,29,7717,640331,200,32842,NA,NA,88371433
Southeast,2020-07-13,29,7021,647352,194,33036,NA,NA,88371433
Southeast,2020-07-14,29,15933,663285,682,33718,NA,NA,88371433
Southeast,2020-07-15,29,12702,675987,528,34246,NA,NA,88371433
Southeast,2020-07-16,29,13222,689209,611,34857,NA,NA,88371433
Southeast,2020-07-17,29,10168,699377,517,35374,NA,NA,88371433
Southeast,2020-07-18,29,8886,708263,358,35732,NA,NA,88371433
Southeast,2020-07-19,30,8891,717154,318,36050,NA,NA,88371433
Southeast,2020-07-20,30,6120,723274,159,36209,NA,NA,88371433
Southeast,2020-07-21,30,12683,735957,606,36815,NA,NA,88371433
Southeast,2020-07-22,30,24541,760498,631,37446,NA,NA,88371433
Southeast,2020-07-23,30,20234,780732,562,38008,NA,NA,88371433
Southeast,2020-07-24,30,20031,800763,540,38548,NA,NA,88371433
Southeast,2020-07-25,30,21702,822465,567,39115,NA,NA,88371433
Southeast,2020-07-26,31,7613,830078,166,39281,NA,NA,88371433
Southeast,2020-07-27,31,7165,837243,168,39449,NA,NA,88371433
Southeast,2020-07-28,31,6159,843402,274,39723,NA,NA,88371433
Southeast,2020-07-29,31,32405,875807,958,40681,NA,NA,88371433
Southeast,2020-07-30,31,22141,897948,583,41264,NA,NA,88371433
Southeast,2020-07-31,31,20249,918197,524,41788,NA,NA,88371433
Midwest,2020-08-01,31,4904,255938,94,5414,NA,NA,16297074
Midwest,2020-08-02,32,3571,259509,96,5510,NA,NA,16297074
Midwest,2020-08-03,32,4143,263652,80,5590,NA,NA,16297074
Midwest,2020-08-04,32,7350,271002,126,5716,NA,NA,16297074
Midwest,2020-08-05,32,8390,279392,73,5789,NA,NA,16297074
Midwest,2020-08-06,32,7447,286839,182,5971,NA,NA,16297074
Midwest,2020-08-07,32,8644,295483,175,6146,NA,NA,16297074
Midwest,2020-08-08,32,4405,299888,127,6273,NA,NA,16297074
Midwest,2020-08-09,33,3000,302888,77,6350,NA,NA,16297074
Midwest,2020-08-10,33,6569,309457,80,6430,NA,NA,16297074
Midwest,2020-08-11,33,7876,317333,217,6647,NA,NA,16297074
Midwest,2020-08-12,33,7558,324891,137,6784,NA,NA,16297074
Midwest,2020-08-13,33,8245,333136,149,6933,NA,NA,16297074
Midwest,2020-08-14,33,6967,340103,164,7097,NA,NA,16297074
Midwest,2020-08-15,33,5152,345255,64,7161,NA,NA,16297074
Midwest,2020-08-16,34,2909,348164,103,7264,NA,NA,16297074
Midwest,2020-08-17,34,5170,353334,122,7386,NA,NA,16297074
Midwest,2020-08-18,34,7068,360402,166,7552,NA,NA,16297074
Midwest,2020-08-19,34,7270,367672,160,7712,NA,NA,16297074
Midwest,2020-08-20,34,6857,374529,189,7901,NA,NA,16297074
Midwest,2020-08-21,34,4819,379348,176,8077,NA,NA,16297074
Midwest,2020-08-22,34,6135,385483,125,8202,NA,NA,16297074
Midwest,2020-08-23,35,3930,389413,78,8280,NA,NA,16297074
Midwest,2020-08-24,35,5272,394685,94,8374,NA,NA,16297074
Midwest,2020-08-25,35,9736,404421,167,8541,NA,NA,16297074
Midwest,2020-08-26,35,6493,410914,140,8681,NA,NA,16297074
Midwest,2020-08-27,35,7055,417969,155,8836,NA,NA,16297074
Midwest,2020-08-28,35,5468,423437,107,8943,NA,NA,16297074
Midwest,2020-08-29,35,4390,427827,113,9056,NA,NA,16297074
Midwest,2020-08-30,36,2691,430518,64,9120,NA,NA,16297074
Midwest,2020-08-31,36,4313,434831,108,9228,NA,NA,16297074
Midwest,2020-09-01,36,6803,441634,232,9460,NA,NA,16297074
Midwest,2020-09-02,36,6370,448004,130,9590,NA,NA,16297074
Midwest,2020-09-03,36,5320,453324,155,9745,NA,NA,16297074
Midwest,2020-09-04,36,8512,461836,148,9893,NA,NA,16297074
Midwest,2020-09-05,36,5090,466926,103,9996,NA,NA,16297074
Midwest,2020-09-06,37,1616,468542,44,10040,NA,NA,16297074
Midwest,2020-09-07,37,2323,470865,57,10097,NA,NA,16297074
Midwest,2020-09-08,37,4011,474876,97,10194,NA,NA,16297074
Midwest,2020-09-09,37,6712,481588,149,10343,NA,NA,16297074
Midwest,2020-09-10,37,7309,488897,176,10519,NA,NA,16297074
Midwest,2020-09-11,37,8654,497551,144,10663,NA,NA,16297074
Midwest,2020-09-12,37,3991,501542,121,10784,NA,NA,16297074
Midwest,2020-09-13,38,2383,503925,62,10846,NA,NA,16297074
Midwest,2020-09-14,38,4917,508842,86,10932,NA,NA,16297074
Midwest,2020-09-15,38,7752,516594,153,11085,NA,NA,16297074
Midwest,2020-09-16,38,5829,522423,128,11213,NA,NA,16297074
Midwest,2020-09-17,38,7163,529586,115,11328,NA,NA,16297074
Midwest,2020-09-18,38,7704,537290,149,11477,NA,NA,16297074
Midwest,2020-09-19,38,4370,541660,82,11559,NA,NA,16297074
Midwest,2020-09-20,39,2359,544019,58,11617,NA,NA,16297074
Midwest,2020-09-21,39,3969,547988,68,11685,NA,NA,16297074
Midwest,2020-09-22,39,5242,553230,134,11819,NA,NA,16297074
Midwest,2020-09-23,39,7290,560520,85,11904,NA,NA,16297074
Midwest,2020-09-24,39,6213,566733,132,12036,NA,NA,16297074
Midwest,2020-09-25,39,5337,572070,134,12170,NA,NA,16297074
Midwest,2020-09-26,39,3738,575808,106,12276,NA,NA,16297074
Midwest,2020-09-27,40,1611,577419,30,12306,NA,NA,16297074
Midwest,2020-09-28,40,5310,582729,76,12382,NA,NA,16297074
Midwest,2020-09-29,40,6634,589363,133,12515,NA,NA,16297074
Midwest,2020-09-30,40,5415,594778,121,12636,NA,NA,16297074
Midwest,2020-10-01,40,5144,599922,102,12738,NA,NA,16297074
Midwest,2020-10-02,40,5168,605090,144,12882,NA,NA,16297074
Midwest,2020-10-03,40,2839,607929,44,12926,NA,NA,16297074
Midwest,2020-10-04,41,1534,609463,94,13020,NA,NA,16297074
Midwest,2020-10-05,41,3262,612725,53,13073,NA,NA,16297074
Midwest,2020-10-06,41,5820,618545,125,13198,NA,NA,16297074
Midwest,2020-10-07,41,5070,623615,110,13308,NA,NA,16297074
Midwest,2020-10-08,41,4197,627812,90,13398,NA,NA,16297074
Midwest,2020-10-09,41,3296,631108,96,13494,NA,NA,16297074
Midwest,2020-10-10,41,2741,633849,84,13578,NA,NA,16297074
Midwest,2020-10-11,42,1095,634944,41,13619,NA,NA,16297074
Midwest,2020-10-12,42,910,635854,46,13665,NA,NA,16297074
Midwest,2020-10-13,42,2896,638750,66,13731,NA,NA,16297074
Midwest,2020-10-14,42,4481,643231,105,13836,NA,NA,16297074
Midwest,2020-10-15,42,3875,647106,77,13913,NA,NA,16297074
Midwest,2020-10-16,42,3818,650924,88,14001,NA,NA,16297074
Midwest,2020-10-17,42,2287,653211,56,14057,NA,NA,16297074
Midwest,2020-10-18,43,930,654141,18,14075,NA,NA,16297074
Midwest,2020-10-19,43,4304,658445,62,14137,NA,NA,16297074
Midwest,2020-10-20,43,2507,660952,84,14221,NA,NA,16297074
Midwest,2020-10-21,43,3507,664459,59,14280,NA,NA,16297074
Midwest,2020-10-22,43,3342,667801,46,14326,NA,NA,16297074
Midwest,2020-10-23,43,3938,671739,82,14408,NA,NA,16297074
Midwest,2020-10-24,43,2981,674720,54,14462,NA,NA,16297074
Midwest,2020-10-25,44,1565,676285,33,14495,NA,NA,16297074
Midwest,2020-10-26,44,2558,678843,49,14544,NA,NA,16297074
Midwest,2020-10-27,44,4882,683725,84,14628,NA,NA,16297074
Midwest,2020-10-28,44,2702,686427,30,14658,NA,NA,16297074
Midwest,2020-10-29,44,3434,689861,69,14727,NA,NA,16297074
Midwest,2020-10-30,44,2615,692476,60,14787,NA,NA,16297074
Midwest,2020-10-31,44,1462,693938,39,14826,NA,NA,16297074
Midwest,2020-11-01,45,909,694847,25,14851,NA,NA,16297074
Midwest,2020-11-02,45,1075,695922,22,14873,NA,NA,16297074
Midwest,2020-11-03,45,1761,697683,27,14900,NA,NA,16297074
Midwest,2020-11-04,45,2910,700593,66,14966,NA,NA,16297074
Midwest,2020-11-05,45,2261,702854,83,15049,NA,NA,16297074
Midwest,2020-11-06,45,2806,705660,35,15084,NA,NA,16297074
Midwest,2020-11-07,45,1977,707637,22,15106,NA,NA,16297074
Midwest,2020-11-08,46,1215,708852,13,15119,NA,NA,16297074
Midwest,2020-11-09,46,1819,710671,15,15134,NA,NA,16297074
Midwest,2020-11-10,46,2915,713586,32,15166,NA,NA,16297074
Midwest,2020-11-11,46,2954,716540,55,15221,NA,NA,16297074
Midwest,2020-11-12,46,5486,722026,157,15378,NA,NA,16297074
Midwest,2020-11-13,46,1938,723964,30,15408,NA,NA,16297074
Midwest,2020-11-14,46,2081,726045,108,15516,NA,NA,16297074
Midwest,2020-11-15,47,1067,727112,11,15527,NA,NA,16297074
Midwest,2020-11-16,47,1728,728840,26,15553,NA,NA,16297074
Midwest,2020-11-17,47,3047,731887,53,15606,NA,NA,16297074
Midwest,2020-11-18,47,2118,734005,54,15660,NA,NA,16297074
Midwest,2020-11-19,47,3318,737323,72,15732,NA,NA,16297074
Midwest,2020-11-20,47,2572,739895,64,15796,NA,NA,16297074
Midwest,2020-11-21,47,2273,742168,34,15830,NA,NA,16297074
Midwest,2020-11-22,48,1363,743531,36,15866,NA,NA,16297074
Midwest,2020-11-23,48,2379,745910,30,15896,NA,NA,16297074
Midwest,2020-11-24,48,2783,748693,54,15950,NA,NA,16297074
Midwest,2020-11-25,48,3754,752447,41,15991,NA,NA,16297074
Midwest,2020-11-26,48,3098,755545,32,16023,NA,NA,16297074
Midwest,2020-11-27,48,1971,757516,15,16038,NA,NA,16297074
Midwest,2020-11-28,48,4473,761989,54,16092,NA,NA,16297074
Midwest,2020-11-29,49,1604,763593,26,16118,NA,NA,16297074
Midwest,2020-11-30,49,2160,765753,17,16135,NA,NA,16297074
Midwest,2020-12-01,49,3801,769554,57,16192,NA,NA,16297074
Midwest,2020-12-02,49,4712,774266,50,16242,NA,NA,16297074
Midwest,2020-12-03,49,3514,777780,33,16275,NA,NA,16297074
Midwest,2020-12-04,49,4389,782169,72,16347,NA,NA,16297074
Midwest,2020-12-05,49,3238,785407,43,16390,NA,NA,16297074
Midwest,2020-12-06,50,1120,786527,19,16409,NA,NA,16297074
Midwest,2020-12-07,50,1631,788158,43,16452,NA,NA,16297074
Midwest,2020-12-08,50,5338,793496,56,16508,NA,NA,16297074
Midwest,2020-12-09,50,4055,797551,63,16571,NA,NA,16297074
Midwest,2020-12-10,50,4761,802312,56,16627,NA,NA,16297074
Midwest,2020-12-11,50,5107,807419,40,16667,NA,NA,16297074
Midwest,2020-12-12,50,2651,810070,33,16700,NA,NA,16297074
Midwest,2020-12-13,51,1124,811194,33,16733,NA,NA,16297074
Midwest,2020-12-14,51,3849,815043,66,16799,NA,NA,16297074
Midwest,2020-12-15,51,3894,818937,74,16873,NA,NA,16297074
Midwest,2020-12-16,51,4737,823674,32,16905,NA,NA,16297074
Midwest,2020-12-17,51,4910,828584,89,16994,NA,NA,16297074
Midwest,2020-12-18,51,3983,832567,55,17049,NA,NA,16297074
Midwest,2020-12-19,51,2998,835565,45,17094,NA,NA,16297074
Midwest,2020-12-20,52,1737,837302,36,17130,NA,NA,16297074
Midwest,2020-12-21,52,3580,840882,106,17236,NA,NA,16297074
Midwest,2020-12-22,52,3868,844750,71,17307,NA,NA,16297074
Midwest,2020-12-23,52,4341,849091,87,17394,NA,NA,16297074
Midwest,2020-12-24,52,3316,852407,56,17450,NA,NA,16297074
Midwest,2020-12-25,52,2047,854454,44,17494,NA,NA,16297074
Midwest,2020-12-26,52,1340,855794,52,17546,NA,NA,16297074
Midwest,2020-12-27,53,2088,857882,33,17579,NA,NA,16297074
Midwest,2020-12-28,53,2814,860696,49,17628,NA,NA,16297074
Midwest,2020-12-29,53,5219,865915,96,17724,NA,NA,16297074
Midwest,2020-12-30,53,4621,870536,72,17796,NA,NA,16297074
Midwest,2020-12-31,53,3221,873757,52,17848,NA,NA,16297074
North,2020-08-01,31,4378,411928,65,11915,NA,NA,18430980
North,2020-08-02,32,2564,414492,41,11956,NA,NA,18430980
North,2020-08-03,32,1744,416236,34,11990,NA,NA,18430980
North,2020-08-04,32,5114,421350,68,12058,NA,NA,18430980
North,2020-08-05,32,6574,427924,77,12135,NA,NA,18430980
North,2020-08-06,32,6143,434067,70,12205,NA,NA,18430980
North,2020-08-07,32,5177,439244,64,12269,NA,NA,18430980
North,2020-08-08,32,4822,444066,57,12326,NA,NA,18430980
North,2020-08-09,33,2381,446447,22,12348,NA,NA,18430980
North,2020-08-10,33,2029,448476,46,12394,NA,NA,18430980
North,2020-08-11,33,5156,453632,72,12466,NA,NA,18430980
North,2020-08-12,33,5366,458998,53,12519,NA,NA,18430980
North,2020-08-13,33,5041,464039,63,12582,NA,NA,18430980
North,2020-08-14,33,5613,469652,51,12633,NA,NA,18430980
North,2020-08-15,33,4073,473725,37,12670,NA,NA,18430980
North,2020-08-16,34,2671,476396,34,12704,NA,NA,18430980
North,2020-08-17,34,2303,478699,46,12750,NA,NA,18430980
North,2020-08-18,34,5113,483812,89,12839,NA,NA,18430980
North,2020-08-19,34,5422,489234,74,12913,NA,NA,18430980
North,2020-08-20,34,5201,494435,54,12967,NA,NA,18430980
North,2020-08-21,34,4768,499203,33,13000,NA,NA,18430980
North,2020-08-22,34,4867,504070,45,13045,NA,NA,18430980
North,2020-08-23,35,2420,506490,35,13080,NA,NA,18430980
North,2020-08-24,35,1701,508191,46,13126,NA,NA,18430980
North,2020-08-25,35,5444,513635,68,13194,NA,NA,18430980
North,2020-08-26,35,5283,518918,60,13254,NA,NA,18430980
North,2020-08-27,35,5069,523987,53,13307,NA,NA,18430980
North,2020-08-28,35,4600,528587,43,13350,NA,NA,18430980
North,2020-08-29,35,4336,532923,30,13380,NA,NA,18430980
North,2020-08-30,36,2360,535283,23,13403,NA,NA,18430980
North,2020-08-31,36,1774,537057,73,13476,NA,NA,18430980
North,2020-09-01,36,4305,541362,75,13551,NA,NA,18430980
North,2020-09-02,36,4265,545627,191,13742,NA,NA,18430980
North,2020-09-03,36,3951,549578,65,13807,NA,NA,18430980
North,2020-09-04,36,4633,554211,48,13855,NA,NA,18430980
North,2020-09-05,36,4384,558595,44,13899,NA,NA,18430980
North,2020-09-06,37,1783,560378,24,13923,NA,NA,18430980
North,2020-09-07,37,1514,561892,19,13942,NA,NA,18430980
North,2020-09-08,37,1468,563360,36,13978,NA,NA,18430980
North,2020-09-09,37,3711,567071,44,14022,NA,NA,18430980
North,2020-09-10,37,4428,571499,49,14071,NA,NA,18430980
North,2020-09-11,37,3816,575315,48,14119,NA,NA,18430980
North,2020-09-12,37,3321,578636,40,14159,NA,NA,18430980
North,2020-09-13,38,1575,580211,57,14216,NA,NA,18430980
North,2020-09-14,38,1459,581670,47,14263,NA,NA,18430980
North,2020-09-15,38,4035,585705,57,14320,NA,NA,18430980
North,2020-09-16,38,3429,589134,52,14372,NA,NA,18430980
North,2020-09-17,38,3152,592286,54,14426,NA,NA,18430980
North,2020-09-18,38,3521,595807,56,14482,NA,NA,18430980
North,2020-09-19,38,3722,599529,40,14522,NA,NA,18430980
North,2020-09-20,39,1277,600806,16,14538,NA,NA,18430980
North,2020-09-21,39,1082,601888,21,14559,NA,NA,18430980
North,2020-09-22,39,3415,605303,36,14595,NA,NA,18430980
North,2020-09-23,39,3904,609207,53,14648,NA,NA,18430980
North,2020-09-24,39,3507,612714,56,14704,NA,NA,18430980
North,2020-09-25,39,3600,616314,-49,14655,NA,NA,18430980
North,2020-09-26,39,3405,619719,146,14801,NA,NA,18430980
North,2020-09-27,40,1951,621670,23,14824,NA,NA,18430980
North,2020-09-28,40,1145,622815,18,14842,NA,NA,18430980
North,2020-09-29,40,3745,626560,37,14879,NA,NA,18430980
North,2020-09-30,40,4054,630614,162,15041,NA,NA,18430980
North,2020-10-01,40,3711,634325,42,15083,NA,NA,18430980
North,2020-10-02,40,3255,637580,25,15108,NA,NA,18430980
North,2020-10-03,40,2895,640475,34,15142,NA,NA,18430980
North,2020-10-04,41,650,641125,17,15159,NA,NA,18430980
North,2020-10-05,41,594,641719,25,15184,NA,NA,18430980
North,2020-10-06,41,2406,644125,32,15216,NA,NA,18430980
North,2020-10-07,41,2881,647006,35,15251,NA,NA,18430980
North,2020-10-08,41,2659,649665,38,15289,NA,NA,18430980
North,2020-10-09,41,2592,652257,32,15321,NA,NA,18430980
North,2020-10-10,41,2340,654597,33,15354,NA,NA,18430980
North,2020-10-11,42,944,655541,17,15371,NA,NA,18430980
North,2020-10-12,42,196,655737,13,15384,NA,NA,18430980
North,2020-10-13,42,1084,656821,17,15401,NA,NA,18430980
North,2020-10-14,42,2443,659264,40,15441,NA,NA,18430980
North,2020-10-15,42,2866,662130,44,15485,NA,NA,18430980
North,2020-10-16,42,2431,664561,35,15520,NA,NA,18430980
North,2020-10-17,42,2931,667492,35,15555,NA,NA,18430980
North,2020-10-18,43,938,668430,10,15565,NA,NA,18430980
North,2020-10-19,43,881,669311,36,15601,NA,NA,18430980
North,2020-10-20,43,2717,672028,34,15635,NA,NA,18430980
North,2020-10-21,43,3595,675623,26,15661,NA,NA,18430980
North,2020-10-22,43,2963,678586,47,15708,NA,NA,18430980
North,2020-10-23,43,3189,681775,48,15756,NA,NA,18430980
North,2020-10-24,43,3177,684952,28,15784,NA,NA,18430980
North,2020-10-25,44,1698,686650,23,15807,NA,NA,18430980
North,2020-10-26,44,1331,687981,25,15832,NA,NA,18430980
North,2020-10-27,44,3348,691329,36,15868,NA,NA,18430980
North,2020-10-28,44,3085,694414,24,15892,NA,NA,18430980
North,2020-10-29,44,3177,697591,39,15931,NA,NA,18430980
North,2020-10-30,44,2943,700534,19,15950,NA,NA,18430980
North,2020-10-31,44,1558,702092,23,15973,NA,NA,18430980
North,2020-11-01,45,1334,703426,20,15993,NA,NA,18430980
North,2020-11-02,45,638,704064,18,16011,NA,NA,18430980
North,2020-11-03,45,1092,705156,22,16033,NA,NA,18430980
North,2020-11-04,45,2752,707908,31,16064,NA,NA,18430980
North,2020-11-05,45,2720,710628,37,16101,NA,NA,18430980
North,2020-11-06,45,1840,712468,10,16111,NA,NA,18430980
North,2020-11-07,45,3075,715543,26,16137,NA,NA,18430980
North,2020-11-08,46,1313,716856,13,16150,NA,NA,18430980
North,2020-11-09,46,1148,718004,41,16191,NA,NA,18430980
North,2020-11-10,46,2634,720638,20,16211,NA,NA,18430980
North,2020-11-11,46,2822,723460,28,16239,NA,NA,18430980
North,2020-11-12,46,2377,725837,22,16261,NA,NA,18430980
North,2020-11-13,46,3510,729347,41,16302,NA,NA,18430980
North,2020-11-14,46,2550,731897,33,16335,NA,NA,18430980
North,2020-11-15,47,1153,733050,18,16353,NA,NA,18430980
North,2020-11-16,47,1068,734118,13,16366,NA,NA,18430980
North,2020-11-17,47,2348,736466,44,16410,NA,NA,18430980
North,2020-11-18,47,2865,739331,18,16428,NA,NA,18430980
North,2020-11-19,47,3083,742414,29,16457,NA,NA,18430980
North,2020-11-20,47,3025,745439,39,16496,NA,NA,18430980
North,2020-11-21,47,2368,747807,22,16518,NA,NA,18430980
North,2020-11-22,48,1552,749359,14,16532,NA,NA,18430980
North,2020-11-23,48,1707,751066,32,16564,NA,NA,18430980
North,2020-11-24,48,2911,753977,40,16604,NA,NA,18430980
North,2020-11-25,48,3009,756986,31,16635,NA,NA,18430980
North,2020-11-26,48,2940,759926,42,16677,NA,NA,18430980
North,2020-11-27,48,2591,762517,27,16704,NA,NA,18430980
North,2020-11-28,48,3755,766272,42,16746,NA,NA,18430980
North,2020-11-29,49,1881,768153,19,16765,NA,NA,18430980
North,2020-11-30,49,1477,769630,26,16791,NA,NA,18430980
North,2020-12-01,49,3195,772825,21,16812,NA,NA,18430980
North,2020-12-02,49,3375,776200,51,16863,NA,NA,18430980
North,2020-12-03,49,3616,779816,49,16912,NA,NA,18430980
North,2020-12-04,49,2847,782663,21,16933,NA,NA,18430980
North,2020-12-05,49,2942,785605,31,16964,NA,NA,18430980
North,2020-12-06,50,1835,787440,18,16982,NA,NA,18430980
North,2020-12-07,50,1758,789198,35,17017,NA,NA,18430980
North,2020-12-08,50,3007,792205,23,17040,NA,NA,18430980
North,2020-12-09,50,2584,794789,29,17069,NA,NA,18430980
North,2020-12-10,50,3640,798429,36,17105,NA,NA,18430980
North,2020-12-11,50,3465,801894,37,17142,NA,NA,18430980
North,2020-12-12,50,2288,804182,34,17176,NA,NA,18430980
North,2020-12-13,51,2289,806471,20,17196,NA,NA,18430980
North,2020-12-14,51,1872,808343,28,17224,NA,NA,18430980
North,2020-12-15,51,2722,811065,46,17270,NA,NA,18430980
North,2020-12-16,51,3964,815029,41,17311,NA,NA,18430980
North,2020-12-17,51,3762,818791,50,17361,NA,NA,18430980
North,2020-12-18,51,3406,822197,34,17395,NA,NA,18430980
North,2020-12-19,51,3563,825760,48,17443,NA,NA,18430980
North,2020-12-20,52,1511,827271,25,17468,NA,NA,18430980
North,2020-12-21,52,2152,829423,30,17498,NA,NA,18430980
North,2020-12-22,52,4273,833696,47,17545,NA,NA,18430980
North,2020-12-23,52,3371,837067,52,17597,NA,NA,18430980
North,2020-12-24,52,3401,840468,51,17648,NA,NA,18430980
North,2020-12-25,52,1614,842082,30,17678,NA,NA,18430980
North,2020-12-26,52,713,842795,40,17718,NA,NA,18430980
North,2020-12-27,53,1919,844714,33,17751,NA,NA,18430980
North,2020-12-28,53,2392,847106,57,17808,NA,NA,18430980
North,2020-12-29,53,4150,851256,64,17872,NA,NA,18430980
North,2020-12-30,53,3674,854930,77,17949,NA,NA,18430980
North,2020-12-31,53,4220,859150,76,18025,NA,NA,18430980
Northeast,2020-08-01,31,12546,871373,320,28939,NA,NA,57071654
Northeast,2020-08-02,32,6727,878100,187,29126,NA,NA,57071654
Northeast,2020-08-03,32,3857,881957,233,29359,NA,NA,57071654
Northeast,2020-08-04,32,12682,894639,285,29644,NA,NA,57071654
Northeast,2020-08-05,32,13505,908144,234,29878,NA,NA,57071654
Northeast,2020-08-06,32,14317,922461,267,30145,NA,NA,57071654
Northeast,2020-08-07,32,14426,936887,218,30363,NA,NA,57071654
Northeast,2020-08-08,32,12204,949091,225,30588,NA,NA,57071654
Northeast,2020-08-09,33,5410,954501,147,30735,NA,NA,57071654
Northeast,2020-08-10,33,3375,957876,217,30952,NA,NA,57071654
Northeast,2020-08-11,33,14757,972633,246,31198,NA,NA,57071654
Northeast,2020-08-12,33,10999,983632,255,31453,NA,NA,57071654
Northeast,2020-08-13,33,12406,996038,234,31687,NA,NA,57071654
Northeast,2020-08-14,33,12011,1008049,209,31896,NA,NA,57071654
Northeast,2020-08-15,33,10427,1018476,212,32108,NA,NA,57071654
Northeast,2020-08-16,34,5546,1024022,178,32286,NA,NA,57071654
Northeast,2020-08-17,34,3573,1027595,202,32488,NA,NA,57071654
Northeast,2020-08-18,34,11107,1038702,236,32724,NA,NA,57071654
Northeast,2020-08-19,34,11789,1050491,241,32965,NA,NA,57071654
Northeast,2020-08-20,34,11292,1061783,170,33135,NA,NA,57071654
Northeast,2020-08-21,34,6194,1067977,210,33345,NA,NA,57071654
Northeast,2020-08-22,34,10309,1078286,212,33557,NA,NA,57071654
Northeast,2020-08-23,35,5687,1083973,171,33728,NA,NA,57071654
Northeast,2020-08-24,35,3269,1087242,156,33884,NA,NA,57071654
Northeast,2020-08-25,35,10107,1097349,235,34119,NA,NA,57071654
Northeast,2020-08-26,35,11498,1108847,204,34323,NA,NA,57071654
Northeast,2020-08-27,35,10306,1119153,157,34480,NA,NA,57071654
Northeast,2020-08-28,35,9866,1129019,184,34664,NA,NA,57071654
Northeast,2020-08-29,35,9628,1138647,166,34830,NA,NA,57071654
Northeast,2020-08-30,36,3807,1142454,128,34958,NA,NA,57071654
Northeast,2020-08-31,36,2643,1145097,162,35120,NA,NA,57071654
Northeast,2020-09-01,36,9056,1154153,181,35301,NA,NA,57071654
Northeast,2020-09-02,36,10953,1165106,183,35484,NA,NA,57071654
Northeast,2020-09-03,36,9956,1175062,76,35560,NA,NA,57071654
Northeast,2020-09-04,36,17912,1192974,181,35741,NA,NA,57071654
Northeast,2020-09-05,36,-1871,1191103,127,35868,NA,NA,57071654
Northeast,2020-09-06,37,2633,1193736,110,35978,NA,NA,57071654
Northeast,2020-09-07,37,1832,1195568,99,36077,NA,NA,57071654
Northeast,2020-09-08,37,2716,1198284,119,36196,NA,NA,57071654
Northeast,2020-09-09,37,7821,1206105,152,36348,NA,NA,57071654
Northeast,2020-09-10,37,7806,1213911,164,36512,NA,NA,57071654
Northeast,2020-09-11,37,7319,1221230,160,36672,NA,NA,57071654
Northeast,2020-09-12,37,7028,1228258,150,36822,NA,NA,57071654
Northeast,2020-09-13,38,2683,1230941,116,36938,NA,NA,57071654
Northeast,2020-09-14,38,2383,1233324,107,37045,NA,NA,57071654
Northeast,2020-09-15,38,7428,1240752,165,37210,NA,NA,57071654
Northeast,2020-09-16,38,7476,1248228,129,37339,NA,NA,57071654
Northeast,2020-09-17,38,6636,1254864,123,37462,NA,NA,57071654
Northeast,2020-09-18,38,7598,1262462,129,37591,NA,NA,57071654
Northeast,2020-09-19,38,7057,1269519,136,37727,NA,NA,57071654
Northeast,2020-09-20,39,3447,1272966,115,37842,NA,NA,57071654
Northeast,2020-09-21,39,2381,1275347,105,37947,NA,NA,57071654
Northeast,2020-09-22,39,6591,1281938,148,38095,NA,NA,57071654
Northeast,2020-09-23,39,6183,1288121,133,38228,NA,NA,57071654
Northeast,2020-09-24,39,5907,1294028,157,38385,NA,NA,57071654
Northeast,2020-09-25,39,4896,1298924,128,38513,NA,NA,57071654
Northeast,2020-09-26,39,6701,1305625,140,38653,NA,NA,57071654
Northeast,2020-09-27,40,2444,1308069,108,38761,NA,NA,57071654
Northeast,2020-09-28,40,1944,1310013,102,38863,NA,NA,57071654
Northeast,2020-09-29,40,5629,1315642,156,39019,NA,NA,57071654
Northeast,2020-09-30,40,7883,1323525,178,39197,NA,NA,57071654
Northeast,2020-10-01,40,5788,1329313,141,39338,NA,NA,57071654
Northeast,2020-10-02,40,5353,1334666,130,39468,NA,NA,57071654
Northeast,2020-10-03,40,4553,1339219,111,39579,NA,NA,57071654
Northeast,2020-10-04,41,1971,1341190,80,39659,NA,NA,57071654
Northeast,2020-10-05,41,1925,1343115,80,39739,NA,NA,57071654
Northeast,2020-10-06,41,18152,1361267,126,39865,NA,NA,57071654
Northeast,2020-10-07,41,6903,1368170,120,39985,NA,NA,57071654
Northeast,2020-10-08,41,5953,1374123,94,40079,NA,NA,57071654
Northeast,2020-10-09,41,4928,1379051,94,40173,NA,NA,57071654
Northeast,2020-10-10,41,5804,1384855,81,40254,NA,NA,57071654
Northeast,2020-10-11,42,2921,1387776,77,40331,NA,NA,57071654
Northeast,2020-10-12,42,1551,1389327,79,40410,NA,NA,57071654
Northeast,2020-10-13,42,2328,1391655,82,40492,NA,NA,57071654
Northeast,2020-10-14,42,6567,1398222,139,40631,NA,NA,57071654
Northeast,2020-10-15,42,6789,1405011,113,40744,NA,NA,57071654
Northeast,2020-10-16,42,7161,1412172,189,40933,NA,NA,57071654
Northeast,2020-10-17,42,5167,1417339,80,41013,NA,NA,57071654
Northeast,2020-10-18,43,3157,1420496,72,41085,NA,NA,57071654
Northeast,2020-10-19,43,4053,1424549,66,41151,NA,NA,57071654
Northeast,2020-10-20,43,5150,1429699,83,41234,NA,NA,57071654
Northeast,2020-10-21,43,4625,1434324,89,41323,NA,NA,57071654
Northeast,2020-10-22,43,5770,1440094,84,41407,NA,NA,57071654
Northeast,2020-10-23,43,5732,1445826,65,41472,NA,NA,57071654
Northeast,2020-10-24,43,4523,1450349,79,41551,NA,NA,57071654
Northeast,2020-10-25,44,2669,1453018,64,41615,NA,NA,57071654
Northeast,2020-10-26,44,2325,1455343,99,41714,NA,NA,57071654
Northeast,2020-10-27,44,5121,1460464,101,41815,NA,NA,57071654
Northeast,2020-10-28,44,6250,1466714,96,41911,NA,NA,57071654
Northeast,2020-10-29,44,4353,1471067,82,41993,NA,NA,57071654
Northeast,2020-10-30,44,4783,1475850,90,42083,NA,NA,57071654
Northeast,2020-10-31,44,2943,1478793,94,42177,NA,NA,57071654
Northeast,2020-11-01,45,1745,1480538,63,42240,NA,NA,57071654
Northeast,2020-11-02,45,1638,1482176,70,42310,NA,NA,57071654
Northeast,2020-11-03,45,1476,1483652,73,42383,NA,NA,57071654
Northeast,2020-11-04,45,4201,1487853,97,42480,NA,NA,57071654
Northeast,2020-11-05,45,6204,1494057,96,42576,NA,NA,57071654
Northeast,2020-11-06,45,6228,1500285,94,42670,NA,NA,57071654
Northeast,2020-11-07,45,4747,1505032,57,42727,NA,NA,57071654
Northeast,2020-11-08,46,2169,1507201,54,42781,NA,NA,57071654
Northeast,2020-11-09,46,2510,1509711,60,42841,NA,NA,57071654
Northeast,2020-11-10,46,5233,1514944,93,42934,NA,NA,57071654
Northeast,2020-11-11,46,5106,1520050,65,42999,NA,NA,57071654
Northeast,2020-11-12,46,7099,1527149,95,43094,NA,NA,57071654
Northeast,2020-11-13,46,4947,1532096,96,43190,NA,NA,57071654
Northeast,2020-11-14,46,5158,1537254,67,43257,NA,NA,57071654
Northeast,2020-11-15,47,3511,1540765,53,43310,NA,NA,57071654
Northeast,2020-11-16,47,3314,1544079,64,43374,NA,NA,57071654
Northeast,2020-11-17,47,3847,1547926,76,43450,NA,NA,57071654
Northeast,2020-11-18,47,5639,1553565,96,43546,NA,NA,57071654
Northeast,2020-11-19,47,6983,1560548,76,43622,NA,NA,57071654
Northeast,2020-11-20,47,5385,1565933,79,43701,NA,NA,57071654
Northeast,2020-11-21,47,6365,1572298,75,43776,NA,NA,57071654
Northeast,2020-11-22,48,3647,1575945,45,43821,NA,NA,57071654
Northeast,2020-11-23,48,3894,1579839,61,43882,NA,NA,57071654
Northeast,2020-11-24,48,4028,1583867,75,43957,NA,NA,57071654
Northeast,2020-11-25,48,10100,1593967,108,44065,NA,NA,57071654
Northeast,2020-11-26,48,7066,1601033,81,44146,NA,NA,57071654
Northeast,2020-11-27,48,9666,1610699,96,44242,NA,NA,57071654
Northeast,2020-11-28,48,9817,1620516,104,44346,NA,NA,57071654
Northeast,2020-11-29,49,7031,1627547,65,44411,NA,NA,57071654
Northeast,2020-11-30,49,4249,1631796,56,44467,NA,NA,57071654
Northeast,2020-12-01,49,8294,1640090,103,44570,NA,NA,57071654
Northeast,2020-12-02,49,8568,1648658,104,44674,NA,NA,57071654
Northeast,2020-12-03,49,9139,1657797,92,44766,NA,NA,57071654
Northeast,2020-12-04,49,8354,1666151,110,44876,NA,NA,57071654
Northeast,2020-12-05,49,6992,1673143,96,44972,NA,NA,57071654
Northeast,2020-12-06,50,9332,1682475,73,45045,NA,NA,57071654
Northeast,2020-12-07,50,5279,1687754,100,45145,NA,NA,57071654
Northeast,2020-12-08,50,11401,1699155,127,45272,NA,NA,57071654
Northeast,2020-12-09,50,11652,1710807,101,45373,NA,NA,57071654
Northeast,2020-12-10,50,12028,1722835,115,45488,NA,NA,57071654
Northeast,2020-12-11,50,10748,1733583,102,45590,NA,NA,57071654
Northeast,2020-12-12,50,7468,1741051,92,45682,NA,NA,57071654
Northeast,2020-12-13,51,5308,1746359,74,45756,NA,NA,57071654
Northeast,2020-12-14,51,5263,1751622,80,45836,NA,NA,57071654
Northeast,2020-12-15,51,8200,1759822,131,45967,NA,NA,57071654
Northeast,2020-12-16,51,15812,1775634,149,46116,NA,NA,57071654
Northeast,2020-12-17,51,11159,1786793,131,46247,NA,NA,57071654
Northeast,2020-12-18,51,8721,1795514,125,46372,NA,NA,57071654
Northeast,2020-12-19,51,9842,1805356,113,46485,NA,NA,57071654
Northeast,2020-12-20,52,6330,1811686,89,46574,NA,NA,57071654
Northeast,2020-12-21,52,4414,1816100,77,46651,NA,NA,57071654
Northeast,2020-12-22,52,9096,1825196,116,46767,NA,NA,57071654
Northeast,2020-12-23,52,10095,1835291,134,46901,NA,NA,57071654
Northeast,2020-12-24,52,8965,1844256,115,47016,NA,NA,57071654
Northeast,2020-12-25,52,4982,1849238,87,47103,NA,NA,57071654
Northeast,2020-12-26,52,4546,1853784,89,47192,NA,NA,57071654
Northeast,2020-12-27,53,4670,1858454,91,47283,NA,NA,57071654
Northeast,2020-12-28,53,4155,1862609,91,47374,NA,NA,57071654
Northeast,2020-12-29,53,10449,1873058,142,47516,NA,NA,57071654
Northeast,2020-12-30,53,11490,1884548,104,47620,NA,NA,57071654
Northeast,2020-12-31,53,11609,1896157,128,47748,NA,NA,57071654
South,2020-08-01,31,8431,235308,178,5076,NA,NA,29975984
South,2020-08-02,32,3319,238627,78,5154,NA,NA,29975984
South,2020-08-03,32,2606,241233,108,5262,NA,NA,29975984
South,2020-08-04,32,7260,248493,200,5462,NA,NA,29975984
South,2020-08-05,32,8797,257290,171,5633,NA,NA,29975984
South,2020-08-06,32,7450,264740,179,5812,NA,NA,29975984
South,2020-08-07,32,4767,269507,140,5952,NA,NA,29975984
South,2020-08-08,32,7736,277243,83,6035,NA,NA,29975984
South,2020-08-09,33,2649,279892,115,6150,NA,NA,29975984
South,2020-08-10,33,5194,285086,206,6356,NA,NA,29975984
South,2020-08-11,33,7794,292880,180,6536,NA,NA,29975984
South,2020-08-12,33,7355,300235,157,6693,NA,NA,29975984
South,2020-08-13,33,7024,307259,163,6856,NA,NA,29975984
South,2020-08-14,33,7910,315169,129,6985,NA,NA,29975984
South,2020-08-15,33,6048,321217,94,7079,NA,NA,29975984
South,2020-08-16,34,2644,323861,98,7177,NA,NA,29975984
South,2020-08-17,34,2191,326052,139,7316,NA,NA,29975984
South,2020-08-18,34,7715,333767,170,7486,NA,NA,29975984
South,2020-08-19,34,6870,340637,121,7607,NA,NA,29975984
South,2020-08-20,34,4748,345385,192,7799,NA,NA,29975984
South,2020-08-21,34,3887,349272,117,7916,NA,NA,29975984
South,2020-08-22,34,8423,357695,118,8034,NA,NA,29975984
South,2020-08-23,35,2629,360324,47,8081,NA,NA,29975984
South,2020-08-24,35,2166,362490,97,8178,NA,NA,29975984
South,2020-08-25,35,6500,368990,161,8339,NA,NA,29975984
South,2020-08-26,35,6795,375785,140,8479,NA,NA,29975984
South,2020-08-27,35,6242,382027,119,8598,NA,NA,29975984
South,2020-08-28,35,7368,389395,112,8710,NA,NA,29975984
South,2020-08-29,35,10392,399787,127,8837,NA,NA,29975984
South,2020-08-30,36,2162,401949,44,8881,NA,NA,29975984
South,2020-08-31,36,33547,435496,104,8985,NA,NA,29975984
South,2020-09-01,36,6351,441847,162,9147,NA,NA,29975984
South,2020-09-02,36,7745,449592,120,9267,NA,NA,29975984
South,2020-09-03,36,7087,456679,124,9391,NA,NA,29975984
South,2020-09-04,36,6914,463593,140,9531,NA,NA,29975984
South,2020-09-05,36,9901,473494,120,9651,NA,NA,29975984
South,2020-09-06,37,2522,476016,44,9695,NA,NA,29975984
South,2020-09-07,37,1266,477282,60,9755,NA,NA,29975984
South,2020-09-08,37,2874,480156,102,9857,NA,NA,29975984
South,2020-09-09,37,6735,486891,145,10002,NA,NA,29975984
South,2020-09-10,37,7010,493901,120,10122,NA,NA,29975984
South,2020-09-11,37,5943,499844,153,10275,NA,NA,29975984
South,2020-09-12,37,6397,506241,80,10355,NA,NA,29975984
South,2020-09-13,38,2578,508819,52,10407,NA,NA,29975984
South,2020-09-14,38,2548,511367,69,10476,NA,NA,29975984
South,2020-09-15,38,5634,517001,185,10661,NA,NA,29975984
South,2020-09-16,38,6384,523385,119,10780,NA,NA,29975984
South,2020-09-17,38,7129,530514,115,10895,NA,NA,29975984
South,2020-09-18,38,6323,536837,117,11012,NA,NA,29975984
South,2020-09-19,38,6032,542869,87,11099,NA,NA,29975984
South,2020-09-20,39,2416,545285,34,11133,NA,NA,29975984
South,2020-09-21,39,1890,547175,78,11211,NA,NA,29975984
South,2020-09-22,39,5680,552855,117,11328,NA,NA,29975984
South,2020-09-23,39,4404,557259,117,11445,NA,NA,29975984
South,2020-09-24,39,4514,561773,83,11528,NA,NA,29975984
South,2020-09-25,39,4379,566152,87,11615,NA,NA,29975984
South,2020-09-26,39,5069,571221,80,11695,NA,NA,29975984
South,2020-09-27,40,2022,573243,37,11732,NA,NA,29975984
South,2020-09-28,40,1583,574826,59,11791,NA,NA,29975984
South,2020-09-29,40,4986,579812,141,11932,NA,NA,29975984
South,2020-09-30,40,5136,584948,132,12064,NA,NA,29975984
South,2020-10-01,40,9667,594615,99,12163,NA,NA,29975984
South,2020-10-02,40,5737,600352,79,12242,NA,NA,29975984
South,2020-10-03,40,4583,604935,72,12314,NA,NA,29975984
South,2020-10-04,41,1478,606413,30,12344,NA,NA,29975984
South,2020-10-05,41,1934,608347,85,12429,NA,NA,29975984
South,2020-10-06,41,4629,612976,105,12534,NA,NA,29975984
South,2020-10-07,41,5111,618087,84,12618,NA,NA,29975984
South,2020-10-08,41,3838,621925,54,12672,NA,NA,29975984
South,2020-10-09,41,5088,627013,57,12729,NA,NA,29975984
South,2020-10-10,41,4518,631531,69,12798,NA,NA,29975984
South,2020-10-11,42,1983,633514,28,12826,NA,NA,29975984
South,2020-10-12,42,3052,636566,24,12850,NA,NA,29975984
South,2020-10-13,42,1499,638065,49,12899,NA,NA,29975984
South,2020-10-14,42,4382,642447,100,12999,NA,NA,29975984
South,2020-10-15,42,4416,646863,115,13114,NA,NA,29975984
South,2020-10-16,42,4574,651437,73,13187,NA,NA,29975984
South,2020-10-17,42,4764,656201,42,13229,NA,NA,29975984
South,2020-10-18,43,1498,657699,7,13236,NA,NA,29975984
South,2020-10-19,43,3209,660908,65,13301,NA,NA,29975984
South,2020-10-20,43,4444,665352,141,13442,NA,NA,29975984
South,2020-10-21,43,3994,669346,73,13515,NA,NA,29975984
South,2020-10-22,43,4786,674132,61,13576,NA,NA,29975984
South,2020-10-23,43,5409,679541,77,13653,NA,NA,29975984
South,2020-10-24,43,6335,685876,44,13697,NA,NA,29975984
South,2020-10-25,44,1835,687711,14,13711,NA,NA,29975984
South,2020-10-26,44,3690,691401,52,13763,NA,NA,29975984
South,2020-10-27,44,6435,697836,90,13853,NA,NA,29975984
South,2020-10-28,44,6310,704146,61,13914,NA,NA,29975984
South,2020-10-29,44,5605,709751,66,13980,NA,NA,29975984
South,2020-10-30,44,2737,712488,48,14028,NA,NA,29975984
South,2020-10-31,44,7510,719998,99,14127,NA,NA,29975984
South,2020-11-01,45,2751,722749,21,14148,NA,NA,29975984
South,2020-11-02,45,2681,725430,18,14166,NA,NA,29975984
South,2020-11-03,45,3691,729121,75,14241,NA,NA,29975984
South,2020-11-04,45,7054,736175,94,14335,NA,NA,29975984
South,2020-11-05,45,4472,740647,85,14420,NA,NA,29975984
South,2020-11-06,45,6749,747396,78,14498,NA,NA,29975984
South,2020-11-07,45,6852,754248,56,14554,NA,NA,29975984
South,2020-11-08,46,2479,756727,41,14595,NA,NA,29975984
South,2020-11-09,46,3415,760142,103,14698,NA,NA,29975984
South,2020-11-10,46,8845,768987,43,14741,NA,NA,29975984
South,2020-11-11,46,7639,776626,124,14865,NA,NA,29975984
South,2020-11-12,46,7519,784145,152,15017,NA,NA,29975984
South,2020-11-13,46,7876,792021,59,15076,NA,NA,29975984
South,2020-11-14,46,17614,809635,139,15215,NA,NA,29975984
South,2020-11-15,47,4125,813760,19,15234,NA,NA,29975984
South,2020-11-16,47,4295,818055,67,15301,NA,NA,29975984
South,2020-11-17,47,10989,829044,141,15442,NA,NA,29975984
South,2020-11-18,47,11117,840161,91,15533,NA,NA,29975984
South,2020-11-19,47,10008,850169,109,15642,NA,NA,29975984
South,2020-11-20,47,11452,861621,72,15714,NA,NA,29975984
South,2020-11-21,47,13160,874781,78,15792,NA,NA,29975984
South,2020-11-22,48,4952,879733,26,15818,NA,NA,29975984
South,2020-11-23,48,4336,884069,79,15897,NA,NA,29975984
South,2020-11-24,48,10791,894860,136,16033,NA,NA,29975984
South,2020-11-25,48,13322,908182,145,16178,NA,NA,29975984
South,2020-11-26,48,12730,920912,159,16337,NA,NA,29975984
South,2020-11-27,48,9622,930534,133,16470,NA,NA,29975984
South,2020-11-28,48,20537,951071,106,16576,NA,NA,29975984
South,2020-11-29,49,6411,957482,43,16619,NA,NA,29975984
South,2020-11-30,49,9004,966486,110,16729,NA,NA,29975984
South,2020-12-01,49,17807,984293,195,16924,NA,NA,29975984
South,2020-12-02,49,14153,998446,147,17071,NA,NA,29975984
South,2020-12-03,49,16103,1014549,184,17255,NA,NA,29975984
South,2020-12-04,49,14648,1029197,147,17402,NA,NA,29975984
South,2020-12-05,49,11477,1040674,165,17567,NA,NA,29975984
South,2020-12-06,50,6059,1046733,60,17627,NA,NA,29975984
South,2020-12-07,50,7747,1054480,120,17747,NA,NA,29975984
South,2020-12-08,50,15017,1069497,240,17987,NA,NA,29975984
South,2020-12-09,50,15558,1085055,192,18179,NA,NA,29975984
South,2020-12-10,50,13537,1098592,150,18329,NA,NA,29975984
South,2020-12-11,50,14514,1113106,168,18497,NA,NA,29975984
South,2020-12-12,50,12987,1126093,175,18672,NA,NA,29975984
South,2020-12-13,51,7680,1133773,44,18716,NA,NA,29975984
South,2020-12-14,51,9328,1143101,188,18904,NA,NA,29975984
South,2020-12-15,51,14392,1157493,285,19189,NA,NA,29975984
South,2020-12-16,51,33727,1191220,307,19496,NA,NA,29975984
South,2020-12-17,51,18039,1209259,218,19714,NA,NA,29975984
South,2020-12-18,51,15375,1224634,158,19872,NA,NA,29975984
South,2020-12-19,51,12648,1237282,139,20011,NA,NA,29975984
South,2020-12-20,52,7726,1245008,94,20105,NA,NA,29975984
South,2020-12-21,52,6809,1251817,156,20261,NA,NA,29975984
South,2020-12-22,52,16979,1268796,295,20556,NA,NA,29975984
South,2020-12-23,52,7187,1275983,202,20758,NA,NA,29975984
South,2020-12-24,52,23227,1299210,184,20942,NA,NA,29975984
South,2020-12-25,52,5169,1304379,99,21041,NA,NA,29975984
South,2020-12-26,52,4931,1309310,74,21115,NA,NA,29975984
South,2020-12-27,53,4100,1313410,98,21213,NA,NA,29975984
South,2020-12-28,53,5655,1319065,138,21351,NA,NA,29975984
South,2020-12-29,53,14059,1333124,300,21651,NA,NA,29975984
South,2020-12-30,53,12784,1345908,234,21885,NA,NA,29975984
South,2020-12-31,53,12915,1358823,214,22099,NA,NA,29975984
Southeast,2020-08-01,31,15133,933330,431,42219,NA,NA,88371433
Southeast,2020-08-02,32,9619,942949,139,42358,NA,NA,88371433
Southeast,2020-08-03,32,4291,947240,106,42464,NA,NA,88371433
Southeast,2020-08-04,32,19197,966437,475,42939,NA,NA,88371433
Southeast,2020-08-05,32,18410,984847,866,43805,NA,NA,88371433
Southeast,2020-08-06,32,19258,1004105,555,44360,NA,NA,88371433
Southeast,2020-08-07,32,17216,1021321,482,44842,NA,NA,88371433
Southeast,2020-08-08,32,20803,1042124,413,45255,NA,NA,88371433
Southeast,2020-08-09,33,9570,1051694,211,45466,NA,NA,88371433
Southeast,2020-08-10,33,4881,1056575,154,45620,NA,NA,88371433
Southeast,2020-08-11,33,16577,1073152,559,46179,NA,NA,88371433
Southeast,2020-08-12,33,23877,1097029,573,46752,NA,NA,88371433
Southeast,2020-08-13,33,27375,1124404,653,47405,NA,NA,88371433
Southeast,2020-08-14,33,18143,1142547,507,47912,NA,NA,88371433
Southeast,2020-08-15,33,15876,1158423,302,48214,NA,NA,88371433
Southeast,2020-08-16,34,9331,1167754,207,48421,NA,NA,88371433
Southeast,2020-08-17,34,6136,1173890,175,48596,NA,NA,88371433
Southeast,2020-08-18,34,16781,1190671,691,49287,NA,NA,88371433
Southeast,2020-08-19,34,17947,1208618,616,49903,NA,NA,88371433
Southeast,2020-08-20,34,17225,1225843,599,50502,NA,NA,88371433
Southeast,2020-08-21,34,10687,1236530,518,51020,NA,NA,88371433
Southeast,2020-08-22,34,20298,1256828,392,51412,NA,NA,88371433
Southeast,2020-08-23,35,8755,1265583,163,51575,NA,NA,88371433
Southeast,2020-08-24,35,4670,1270253,172,51747,NA,NA,88371433
Southeast,2020-08-25,35,15347,1285600,640,52387,NA,NA,88371433
Southeast,2020-08-26,35,17092,1302692,541,52928,NA,NA,88371433
Southeast,2020-08-27,35,15563,1318255,500,53428,NA,NA,88371433
Southeast,2020-08-28,35,16110,1334365,409,53837,NA,NA,88371433
Southeast,2020-08-29,35,12604,1346969,522,54359,NA,NA,88371433
Southeast,2020-08-30,36,5138,1352107,107,54466,NA,NA,88371433
Southeast,2020-08-31,36,3684,1355791,106,54572,NA,NA,88371433
Southeast,2020-09-01,36,16144,1371935,565,55137,NA,NA,88371433
Southeast,2020-09-02,36,17601,1389536,560,55697,NA,NA,88371433
Southeast,2020-09-03,36,17459,1406995,414,56111,NA,NA,88371433
Southeast,2020-09-04,36,13223,1420218,390,56501,NA,NA,88371433
Southeast,2020-09-05,36,12664,1432882,288,56789,NA,NA,88371433
Southeast,2020-09-06,37,5967,1438849,225,57014,NA,NA,88371433
Southeast,2020-09-07,37,3338,1442187,75,57089,NA,NA,88371433
Southeast,2020-09-08,37,3210,1445397,150,57239,NA,NA,88371433
Southeast,2020-09-09,37,10837,1456234,585,57824,NA,NA,88371433
Southeast,2020-09-10,37,14004,1470238,474,58298,NA,NA,88371433
Southeast,2020-09-11,37,17986,1488224,369,58667,NA,NA,88371433
Southeast,2020-09-12,37,12786,1501010,423,59090,NA,NA,88371433
Southeast,2020-09-13,38,5549,1506559,128,59218,NA,NA,88371433
Southeast,2020-09-14,38,3848,1510407,72,59290,NA,NA,88371433
Southeast,2020-09-15,38,11804,1522211,553,59843,NA,NA,88371433
Southeast,2020-09-16,38,13702,1535913,559,60402,NA,NA,88371433
Southeast,2020-09-17,38,12223,1548136,422,60824,NA,NA,88371433
Southeast,2020-09-18,38,14651,1562787,407,61231,NA,NA,88371433
Southeast,2020-09-19,38,11876,1574663,394,61625,NA,NA,88371433
Southeast,2020-09-20,39,6890,1581553,140,61765,NA,NA,88371433
Southeast,2020-09-21,39,4117,1585670,105,61870,NA,NA,88371433
Southeast,2020-09-22,39,12608,1598278,401,62271,NA,NA,88371433
Southeast,2020-09-23,39,11500,1609778,481,62752,NA,NA,88371433
Southeast,2020-09-24,39,12676,1622454,403,63155,NA,NA,88371433
Southeast,2020-09-25,39,13699,1636153,429,63584,NA,NA,88371433
Southeast,2020-09-26,39,9465,1645618,397,63981,NA,NA,88371433
Southeast,2020-09-27,40,6290,1651908,137,64118,NA,NA,88371433
Southeast,2020-09-28,40,3173,1655081,62,64180,NA,NA,88371433
Southeast,2020-09-29,40,11064,1666145,396,64576,NA,NA,88371433
Southeast,2020-09-30,40,10925,1677070,438,65014,NA,NA,88371433
Southeast,2020-10-01,40,11847,1688917,344,65358,NA,NA,88371433
Southeast,2020-10-02,40,13918,1702835,330,65688,NA,NA,88371433
Southeast,2020-10-03,40,11440,1714275,338,66026,NA,NA,88371433
Southeast,2020-10-04,41,2823,1717098,144,66170,NA,NA,88371433
Southeast,2020-10-05,41,4231,1721329,80,66250,NA,NA,88371433
Southeast,2020-10-06,41,10899,1732228,431,66681,NA,NA,88371433
Southeast,2020-10-07,41,11588,1743816,385,67066,NA,NA,88371433
Southeast,2020-10-08,41,11103,1754919,453,67519,NA,NA,88371433
Southeast,2020-10-09,41,11540,1766459,403,67922,NA,NA,88371433
Southeast,2020-10-10,41,11346,1777805,292,68214,NA,NA,88371433
Southeast,2020-10-11,42,5399,1783204,127,68341,NA,NA,88371433
Southeast,2020-10-12,42,2720,1785924,39,68380,NA,NA,88371433
Southeast,2020-10-13,42,2413,1788337,95,68475,NA,NA,88371433
Southeast,2020-10-14,42,9362,1797699,365,68840,NA,NA,88371433
Southeast,2020-10-15,42,10577,1808276,364,69204,NA,NA,88371433
Southeast,2020-10-16,42,12930,1821206,369,69573,NA,NA,88371433
Southeast,2020-10-17,42,8913,1830119,248,69821,NA,NA,88371433
Southeast,2020-10-18,43,4459,1834578,123,69944,NA,NA,88371433
Southeast,2020-10-19,43,2936,1837514,42,69986,NA,NA,88371433
Southeast,2020-10-20,43,8409,1845923,319,70305,NA,NA,88371433
Southeast,2020-10-21,43,9097,1855020,319,70624,NA,NA,88371433
Southeast,2020-10-22,43,7997,1863017,259,70883,NA,NA,88371433
Southeast,2020-10-23,43,11758,1874775,299,71182,NA,NA,88371433
Southeast,2020-10-24,43,9963,1884738,227,71409,NA,NA,88371433
Southeast,2020-10-25,44,5726,1890464,97,71506,NA,NA,88371433
Southeast,2020-10-26,44,5822,1896286,38,71544,NA,NA,88371433
Southeast,2020-10-27,44,10001,1906287,238,71782,NA,NA,88371433
Southeast,2020-10-28,44,10282,1916569,299,72081,NA,NA,88371433
Southeast,2020-10-29,44,9537,1926106,257,72338,NA,NA,88371433
Southeast,2020-10-30,44,9204,1935310,291,72629,NA,NA,88371433
Southeast,2020-10-31,44,5474,1940784,152,72781,NA,NA,88371433
Southeast,2020-11-01,45,3361,1944145,61,72842,NA,NA,88371433
Southeast,2020-11-02,45,2469,1946614,51,72893,NA,NA,88371433
Southeast,2020-11-03,45,3823,1950437,46,72939,NA,NA,88371433
Southeast,2020-11-04,45,7059,1957496,322,73261,NA,NA,88371433
Southeast,2020-11-05,45,6637,1964133,329,73590,NA,NA,88371433
Southeast,2020-11-06,45,3805,1967938,85,73675,NA,NA,88371433
Southeast,2020-11-07,45,3163,1971101,70,73745,NA,NA,88371433
Southeast,2020-11-08,46,3378,1974479,7,73752,NA,NA,88371433
Southeast,2020-11-09,46,2025,1976504,12,73764,NA,NA,88371433
Southeast,2020-11-10,46,5385,1981889,13,73777,NA,NA,88371433
Southeast,2020-11-11,46,29810,2011699,272,74049,NA,NA,88371433
Southeast,2020-11-12,46,10726,2022425,482,74531,NA,NA,88371433
Southeast,2020-11-13,46,10799,2033224,230,74761,NA,NA,88371433
Southeast,2020-11-14,46,10904,2044128,574,75335,NA,NA,88371433
Southeast,2020-11-15,47,4278,2048406,39,75374,NA,NA,88371433
Southeast,2020-11-16,47,2966,2051372,46,75420,NA,NA,88371433
Southeast,2020-11-17,47,15063,2066435,371,75791,NA,NA,88371433
Southeast,2020-11-18,47,12352,2078787,497,76288,NA,NA,88371433
Southeast,2020-11-19,47,12526,2091313,320,76608,NA,NA,88371433
Southeast,2020-11-20,47,15963,2107276,298,76906,NA,NA,88371433
Southeast,2020-11-21,47,8456,2115732,167,77073,NA,NA,88371433
Southeast,2020-11-22,48,7101,2122833,73,77146,NA,NA,88371433
Southeast,2020-11-23,48,3891,2126724,100,77246,NA,NA,88371433
Southeast,2020-11-24,48,10587,2137311,325,77571,NA,NA,88371433
Southeast,2020-11-25,48,17713,2155024,329,77900,NA,NA,88371433
Southeast,2020-11-26,48,11780,2166804,377,78277,NA,NA,88371433
Southeast,2020-11-27,48,10280,2177084,243,78520,NA,NA,88371433
Southeast,2020-11-28,48,13340,2190424,281,78801,NA,NA,88371433
Southeast,2020-11-29,49,7541,2197965,119,78920,NA,NA,88371433
Southeast,2020-11-30,49,4248,2202213,78,78998,NA,NA,88371433
Southeast,2020-12-01,49,17812,2220025,321,79319,NA,NA,88371433
Southeast,2020-12-02,49,19055,2239080,346,79665,NA,NA,88371433
Southeast,2020-12-03,49,18062,2257142,397,80062,NA,NA,88371433
Southeast,2020-12-04,49,16646,2273788,344,80406,NA,NA,88371433
Southeast,2020-12-05,49,18560,2292348,329,80735,NA,NA,88371433
Southeast,2020-12-06,50,8017,2300365,143,80878,NA,NA,88371433
Southeast,2020-12-07,50,3956,2304321,78,80956,NA,NA,88371433
Southeast,2020-12-08,50,16325,2320646,396,81352,NA,NA,88371433
Southeast,2020-12-09,50,19604,2340250,451,81803,NA,NA,88371433
Southeast,2020-12-10,50,19381,2359631,413,82216,NA,NA,88371433
Southeast,2020-12-11,50,20594,2380225,325,82541,NA,NA,88371433
Southeast,2020-12-12,50,18506,2398731,352,82893,NA,NA,88371433
Southeast,2020-12-13,51,5424,2404155,108,83001,NA,NA,88371433
Southeast,2020-12-14,51,4881,2409036,71,83072,NA,NA,88371433
Southeast,2020-12-15,51,13681,2422717,428,83500,NA,NA,88371433
Southeast,2020-12-16,51,12334,2435051,407,83907,NA,NA,88371433
Southeast,2020-12-17,51,31956,2467007,604,84511,NA,NA,88371433
Southeast,2020-12-18,51,21059,2488066,451,84962,NA,NA,88371433
Southeast,2020-12-19,51,21126,2509192,361,85323,NA,NA,88371433
Southeast,2020-12-20,52,8141,2517333,164,85487,NA,NA,88371433
Southeast,2020-12-21,52,8064,2525397,158,85645,NA,NA,88371433
Southeast,2020-12-22,52,20986,2546383,439,86084,NA,NA,88371433
Southeast,2020-12-23,52,21702,2568085,486,86570,NA,NA,88371433
Southeast,2020-12-24,52,21167,2589252,380,86950,NA,NA,88371433
Southeast,2020-12-25,52,9155,2598407,222,87172,NA,NA,88371433
Southeast,2020-12-26,52,5716,2604123,52,87224,NA,NA,88371433
Southeast,2020-12-27,53,5702,2609825,89,87313,NA,NA,88371433
Southeast,2020-12-28,53,5532,2615357,96,87409,NA,NA,88371433
Southeast,2020-12-29,53,24841,2640198,509,87918,NA,NA,88371433
Southeast,2020-12-30,53,23080,2663278,707,88625,NA,NA,88371433
Southeast,2020-12-31,53,24808,2688086,604,89229,NA,NA,88371433
Midwest,2021-01-01,53,1886,875643,34,17882,NA,NA,16297074
Midwest,2021-01-02,53,1724,877367,26,17908,NA,NA,16297074
Midwest,2021-01-03,1,1626,878993,26,17934,NA,NA,16297074
Midwest,2021-01-04,1,2736,881729,119,18053,NA,NA,16297074
Midwest,2021-01-05,1,5018,886747,97,18150,NA,NA,16297074
Midwest,2021-01-06,1,5951,892698,84,18234,NA,NA,16297074
Midwest,2021-01-07,1,4738,897436,71,18305,NA,NA,16297074
Midwest,2021-01-08,1,4948,902384,74,18379,NA,NA,16297074
Midwest,2021-01-09,1,3656,906040,56,18435,NA,NA,16297074
Midwest,2021-01-10,2,1787,907827,26,18461,NA,NA,16297074
Midwest,2021-01-11,2,3166,910993,56,18517,NA,NA,16297074
Midwest,2021-01-12,2,6949,917942,68,18585,NA,NA,16297074
Midwest,2021-01-13,2,5730,923672,82,18667,NA,NA,16297074
Midwest,2021-01-14,2,5633,929305,51,18718,NA,NA,16297074
Midwest,2021-01-15,2,5381,934686,97,18815,NA,NA,16297074
Midwest,2021-01-16,2,4094,938780,45,18860,NA,NA,16297074
Midwest,2021-01-17,3,1959,940739,58,18918,NA,NA,16297074
Midwest,2021-01-18,3,3362,944101,45,18963,NA,NA,16297074
Midwest,2021-01-19,3,5979,950080,59,19022,NA,NA,16297074
Midwest,2021-01-20,3,5176,955256,133,19155,NA,NA,16297074
Midwest,2021-01-21,3,4814,960070,73,19228,NA,NA,16297074
Midwest,2021-01-22,3,5312,965382,87,19315,NA,NA,16297074
Midwest,2021-01-23,3,4512,969894,107,19422,NA,NA,16297074
Midwest,2021-01-24,4,1769,971663,46,19468,NA,NA,16297074
Midwest,2021-01-25,4,3687,975350,55,19523,NA,NA,16297074
Midwest,2021-01-26,4,6495,981845,83,19606,NA,NA,16297074
Midwest,2021-01-27,4,3790,985635,36,19642,NA,NA,16297074
Midwest,2021-01-28,4,7025,992660,85,19727,NA,NA,16297074
Midwest,2021-01-29,4,6572,999232,152,19879,NA,NA,16297074
Midwest,2021-01-30,4,3704,1002936,87,19966,NA,NA,16297074
Midwest,2021-01-31,5,1569,1004505,35,20001,NA,NA,16297074
Midwest,2021-02-01,5,2918,1007423,47,20048,NA,NA,16297074
Midwest,2021-02-02,5,4649,1012072,96,20144,NA,NA,16297074
Midwest,2021-02-03,5,5393,1017465,111,20255,NA,NA,16297074
Midwest,2021-02-04,5,4441,1021906,93,20348,NA,NA,16297074
Midwest,2021-02-05,5,4472,1026378,84,20432,NA,NA,16297074
Midwest,2021-02-06,5,3758,1030136,66,20498,NA,NA,16297074
Midwest,2021-02-07,6,1380,1031516,62,20560,NA,NA,16297074
Midwest,2021-02-08,6,2493,1034009,49,20609,NA,NA,16297074
Midwest,2021-02-09,6,5677,1039686,119,20728,NA,NA,16297074
Midwest,2021-02-10,6,4991,1044677,83,20811,NA,NA,16297074
Midwest,2021-02-11,6,4471,1049148,86,20897,NA,NA,16297074
Midwest,2021-02-12,6,4040,1053188,121,21018,NA,NA,16297074
Midwest,2021-02-13,6,3502,1056690,91,21109,NA,NA,16297074
Midwest,2021-02-14,7,1823,1058513,47,21156,NA,NA,16297074
Midwest,2021-02-15,7,3068,1061581,63,21219,NA,NA,16297074
Midwest,2021-02-16,7,4260,1065841,107,21326,NA,NA,16297074
Midwest,2021-02-17,7,4279,1070120,122,21448,NA,NA,16297074
Midwest,2021-02-18,7,4903,1075023,105,21553,NA,NA,16297074
Midwest,2021-02-19,7,4736,1079759,100,21653,NA,NA,16297074
Midwest,2021-02-20,7,4371,1084130,91,21744,NA,NA,16297074
Midwest,2021-02-21,8,1815,1085945,37,21781,NA,NA,16297074
Midwest,2021-02-22,8,3576,1089521,67,21848,NA,NA,16297074
Midwest,2021-02-23,8,6286,1095807,132,21980,NA,NA,16297074
Midwest,2021-02-24,8,7761,1103568,90,22070,NA,NA,16297074
Midwest,2021-02-25,8,6513,1110081,104,22174,NA,NA,16297074
Midwest,2021-02-26,8,6861,1116942,93,22267,NA,NA,16297074
Midwest,2021-02-27,8,4174,1121116,67,22334,NA,NA,16297074
Midwest,2021-02-28,9,2337,1123453,53,22387,NA,NA,16297074
Midwest,2021-03-01,9,4182,1127635,85,22472,NA,NA,16297074
Midwest,2021-03-02,9,7415,1135050,75,22547,NA,NA,16297074
Midwest,2021-03-03,9,7949,1142999,234,22781,NA,NA,16297074
Midwest,2021-03-04,9,7539,1150538,133,22914,NA,NA,16297074
Midwest,2021-03-05,9,7939,1158477,152,23066,NA,NA,16297074
Midwest,2021-03-06,9,5107,1163584,82,23148,NA,NA,16297074
Midwest,2021-03-07,10,2768,1166352,94,23242,NA,NA,16297074
Midwest,2021-03-08,10,5368,1171720,117,23359,NA,NA,16297074
Midwest,2021-03-09,10,7825,1179545,149,23508,NA,NA,16297074
Midwest,2021-03-10,10,8203,1187748,246,23754,NA,NA,16297074
Midwest,2021-03-11,10,8679,1196427,260,24014,NA,NA,16297074
Midwest,2021-03-12,10,9175,1205602,268,24282,NA,NA,16297074
Midwest,2021-03-13,10,6896,1212498,155,24437,NA,NA,16297074
Midwest,2021-03-14,11,3659,1216157,123,24560,NA,NA,16297074
Midwest,2021-03-15,11,6579,1222736,108,24668,NA,NA,16297074
Midwest,2021-03-16,11,9356,1232092,376,25044,NA,NA,16297074
Midwest,2021-03-17,11,9700,1241792,239,25283,NA,NA,16297074
Midwest,2021-03-18,11,8123,1249915,274,25557,NA,NA,16297074
Midwest,2021-03-19,11,7928,1257843,306,25863,NA,NA,16297074
Midwest,2021-03-20,11,6865,1264708,249,26112,NA,NA,16297074
Midwest,2021-03-21,12,3310,1268018,129,26241,NA,NA,16297074
Midwest,2021-03-22,12,6245,1274263,257,26498,NA,NA,16297074
Midwest,2021-03-23,12,9086,1283349,361,26859,NA,NA,16297074
Midwest,2021-03-24,12,11089,1294438,172,27031,NA,NA,16297074
Midwest,2021-03-25,12,10739,1305177,336,27367,NA,NA,16297074
Midwest,2021-03-26,12,10840,1316017,433,27800,NA,NA,16297074
Midwest,2021-03-27,12,6998,1323015,257,28057,NA,NA,16297074
Midwest,2021-03-28,13,4156,1327171,224,28281,NA,NA,16297074
Midwest,2021-03-29,13,6126,1333297,247,28528,NA,NA,16297074
Midwest,2021-03-30,13,10341,1343638,489,29017,NA,NA,16297074
Midwest,2021-03-31,13,9179,1352817,429,29446,NA,NA,16297074
Midwest,2021-04-01,13,7741,1360558,392,29838,NA,NA,16297074
Midwest,2021-04-02,13,4782,1365340,264,30102,NA,NA,16297074
Midwest,2021-04-03,13,4387,1369727,164,30266,NA,NA,16297074
Midwest,2021-04-04,14,3668,1373395,203,30469,NA,NA,16297074
Midwest,2021-04-05,14,5677,1379072,279,30748,NA,NA,16297074
Midwest,2021-04-06,14,8459,1387531,472,31220,NA,NA,16297074
Midwest,2021-04-07,14,9685,1397216,469,31689,NA,NA,16297074
Midwest,2021-04-08,14,8357,1405573,412,32101,NA,NA,16297074
Midwest,2021-04-09,14,8750,1414323,326,32427,NA,NA,16297074
Midwest,2021-04-10,14,5676,1419999,231,32658,NA,NA,16297074
Midwest,2021-04-11,15,3686,1423685,177,32835,NA,NA,16297074
Midwest,2021-04-12,15,4696,1428381,251,33086,NA,NA,16297074
Midwest,2021-04-13,15,8738,1437119,443,33529,NA,NA,16297074
Midwest,2021-04-14,15,7721,1444840,351,33880,NA,NA,16297074
Midwest,2021-04-15,15,7767,1452607,385,34265,NA,NA,16297074
Midwest,2021-04-16,15,6904,1459511,282,34547,NA,NA,16297074
Midwest,2021-04-17,15,5729,1465240,308,34855,NA,NA,16297074
Midwest,2021-04-18,16,3380,1468620,150,35005,NA,NA,16297074
Midwest,2021-04-19,16,5811,1474431,206,35211,NA,NA,16297074
Midwest,2021-04-20,16,7149,1481580,422,35633,NA,NA,16297074
Midwest,2021-04-21,16,6203,1487783,333,35966,NA,NA,16297074
Midwest,2021-04-22,16,4754,1492537,248,36214,NA,NA,16297074
Midwest,2021-04-23,16,6621,1499158,318,36532,NA,NA,16297074
Midwest,2021-04-24,16,4499,1503657,236,36768,NA,NA,16297074
Midwest,2021-04-25,17,3405,1507062,165,36933,NA,NA,16297074
Midwest,2021-04-26,17,3169,1510231,164,37097,NA,NA,16297074
Midwest,2021-04-27,17,7961,1518192,343,37440,NA,NA,16297074
Midwest,2021-04-28,17,8303,1526495,290,37730,NA,NA,16297074
Midwest,2021-04-29,17,5955,1532450,181,37911,NA,NA,16297074
Midwest,2021-04-30,17,5931,1538381,218,38129,NA,NA,16297074
Midwest,2021-05-01,17,4074,1542455,151,38280,NA,NA,16297074
Midwest,2021-05-02,18,3195,1545650,140,38420,NA,NA,16297074
Midwest,2021-05-03,18,3957,1549607,133,38553,NA,NA,16297074
Midwest,2021-05-04,18,6837,1556444,283,38836,NA,NA,16297074
Midwest,2021-05-05,18,6680,1563124,258,39094,NA,NA,16297074
Midwest,2021-05-06,18,5877,1569001,213,39307,NA,NA,16297074
Midwest,2021-05-07,18,6202,1575203,161,39468,NA,NA,16297074
Midwest,2021-05-08,18,3421,1578624,135,39603,NA,NA,16297074
Midwest,2021-05-09,19,2560,1581184,103,39706,NA,NA,16297074
Midwest,2021-05-10,19,3937,1585121,142,39848,NA,NA,16297074
Midwest,2021-05-11,19,5854,1590975,198,40046,NA,NA,16297074
Midwest,2021-05-12,19,6270,1597245,162,40208,NA,NA,16297074
Midwest,2021-05-13,19,6374,1603619,229,40437,NA,NA,16297074
Midwest,2021-05-14,19,5792,1609411,217,40654,NA,NA,16297074
Midwest,2021-05-15,19,5138,1614549,131,40785,NA,NA,16297074
Midwest,2021-05-16,20,3081,1617630,73,40858,NA,NA,16297074
Midwest,2021-05-17,20,4591,1622221,120,40978,NA,NA,16297074
Midwest,2021-05-18,20,7731,1629952,249,41227,NA,NA,16297074
Midwest,2021-05-19,20,7148,1637100,156,41383,NA,NA,16297074
Midwest,2021-05-20,20,8310,1645410,216,41599,NA,NA,16297074
Midwest,2021-05-21,20,7012,1652422,181,41780,NA,NA,16297074
Midwest,2021-05-22,20,6102,1658524,103,41883,NA,NA,16297074
Midwest,2021-05-23,21,3698,1662222,104,41987,NA,NA,16297074
Midwest,2021-05-24,21,4132,1666354,88,42075,NA,NA,16297074
Midwest,2021-05-25,21,7142,1673496,202,42277,NA,NA,16297074
Midwest,2021-05-26,21,7722,1681218,203,42480,NA,NA,16297074
Midwest,2021-05-27,21,6039,1687257,211,42691,NA,NA,16297074
Midwest,2021-05-28,21,7261,1694518,210,42901,NA,NA,16297074
Midwest,2021-05-29,21,6639,1701157,150,43051,NA,NA,16297074
Midwest,2021-05-30,22,3851,1705008,111,43162,NA,NA,16297074
Midwest,2021-05-31,22,4321,1709329,104,43266,NA,NA,16297074
Midwest,2021-06-01,22,8677,1718006,261,43527,NA,NA,16297074
Midwest,2021-06-02,22,9957,1727963,231,43758,NA,NA,16297074
Midwest,2021-06-03,22,7232,1735195,119,43877,NA,NA,16297074
Midwest,2021-06-04,22,3944,1739139,191,44068,NA,NA,16297074
Midwest,2021-06-05,22,5665,1744804,154,44222,NA,NA,16297074
Midwest,2021-06-06,23,2974,1747778,109,44331,NA,NA,16297074
Midwest,2021-06-07,23,4989,1752767,164,44495,NA,NA,16297074
Midwest,2021-06-08,23,4559,1757326,198,44693,NA,NA,16297074
Midwest,2021-06-09,23,12410,1769736,243,44936,NA,NA,16297074
Midwest,2021-06-10,23,7187,1776923,204,45140,NA,NA,16297074
Midwest,2021-06-11,23,7951,1784874,185,45325,NA,NA,16297074
Midwest,2021-06-12,23,6589,1791463,176,45501,NA,NA,16297074
Midwest,2021-06-13,24,3113,1794576,107,45608,NA,NA,16297074
Midwest,2021-06-14,24,3902,1798478,136,45744,NA,NA,16297074
Midwest,2021-06-15,24,8290,1806768,250,45994,NA,NA,16297074
Midwest,2021-06-16,24,8678,1815446,213,46207,NA,NA,16297074
Midwest,2021-06-17,24,7095,1822541,172,46379,NA,NA,16297074
Midwest,2021-06-18,24,7463,1830004,175,46554,NA,NA,16297074
Midwest,2021-06-19,24,5501,1835505,174,46728,NA,NA,16297074
Midwest,2021-06-20,25,2799,1838304,105,46833,NA,NA,16297074
Midwest,2021-06-21,25,3512,1841816,105,46938,NA,NA,16297074
Midwest,2021-06-22,25,7632,1849448,221,47159,NA,NA,16297074
Midwest,2021-06-23,25,7111,1856559,226,47385,NA,NA,16297074
Midwest,2021-06-24,25,5882,1862441,155,47540,NA,NA,16297074
Midwest,2021-06-25,25,7703,1870144,167,47707,NA,NA,16297074
Midwest,2021-06-26,25,5351,1875495,167,47874,NA,NA,16297074
Midwest,2021-06-27,26,2617,1878112,118,47992,NA,NA,16297074
Midwest,2021-06-28,26,3367,1881479,90,48082,NA,NA,16297074
Midwest,2021-06-29,26,5363,1886842,179,48261,NA,NA,16297074
Midwest,2021-06-30,26,3876,1890718,198,48459,NA,NA,16297074
North,2021-01-01,53,1521,860671,36,18061,NA,NA,18430980
North,2021-01-02,53,1268,861939,49,18110,NA,NA,18430980
North,2021-01-03,1,1582,863521,42,18152,NA,NA,18430980
North,2021-01-04,1,1571,865092,52,18204,NA,NA,18430980
North,2021-01-05,1,4626,869718,85,18289,NA,NA,18430980
North,2021-01-06,1,5560,875278,138,18427,NA,NA,18430980
North,2021-01-07,1,4767,880045,99,18526,NA,NA,18430980
North,2021-01-08,1,3205,883250,40,18566,NA,NA,18430980
North,2021-01-09,1,7364,890614,155,18721,NA,NA,18430980
North,2021-01-10,2,3296,893910,52,18773,NA,NA,18430980
North,2021-01-11,2,4524,898434,93,18866,NA,NA,18430980
North,2021-01-12,2,5850,904284,114,18980,NA,NA,18430980
North,2021-01-13,2,5310,909594,115,19095,NA,NA,18430980
North,2021-01-14,2,7528,917122,94,19189,NA,NA,18430980
North,2021-01-15,2,7199,924321,158,19347,NA,NA,18430980
North,2021-01-16,2,6799,931120,113,19460,NA,NA,18430980
North,2021-01-17,3,3628,934748,89,19549,NA,NA,18430980
North,2021-01-18,3,3888,938636,171,19720,NA,NA,18430980
North,2021-01-19,3,5451,944087,189,19909,NA,NA,18430980
North,2021-01-20,3,8973,953060,181,20090,NA,NA,18430980
North,2021-01-21,3,6118,959178,211,20301,NA,NA,18430980
North,2021-01-22,3,8743,967921,168,20469,NA,NA,18430980
North,2021-01-23,3,7359,975280,204,20673,NA,NA,18430980
North,2021-01-24,4,3787,979067,126,20799,NA,NA,18430980
North,2021-01-25,4,3534,982601,146,20945,NA,NA,18430980
North,2021-01-26,4,7364,989965,252,21197,NA,NA,18430980
North,2021-01-27,4,8625,998590,176,21373,NA,NA,18430980
North,2021-01-28,4,6534,1005124,173,21546,NA,NA,18430980
North,2021-01-29,4,6875,1011999,179,21725,NA,NA,18430980
North,2021-01-30,4,8000,1019999,295,22020,NA,NA,18430980
North,2021-01-31,5,3204,1023203,141,22161,NA,NA,18430980
North,2021-02-01,5,3448,1026651,198,22359,NA,NA,18430980
North,2021-02-02,5,6390,1033041,195,22554,NA,NA,18430980
North,2021-02-03,5,7042,1040083,204,22758,NA,NA,18430980
North,2021-02-04,5,6648,1046731,201,22959,NA,NA,18430980
North,2021-02-05,5,6196,1052927,150,23109,NA,NA,18430980
North,2021-02-06,5,6621,1059548,203,23312,NA,NA,18430980
North,2021-02-07,6,2682,1062230,126,23438,NA,NA,18430980
North,2021-02-08,6,3109,1065339,168,23606,NA,NA,18430980
North,2021-02-09,6,5694,1071033,236,23842,NA,NA,18430980
North,2021-02-10,6,6363,1077396,259,24101,NA,NA,18430980
North,2021-02-11,6,6354,1083750,228,24329,NA,NA,18430980
North,2021-02-12,6,6632,1090382,247,24576,NA,NA,18430980
North,2021-02-13,6,4693,1095075,157,24733,NA,NA,18430980
North,2021-02-14,7,2623,1097698,101,24834,NA,NA,18430980
North,2021-02-15,7,2902,1100600,180,25014,NA,NA,18430980
North,2021-02-16,7,4678,1105278,208,25222,NA,NA,18430980
North,2021-02-17,7,4808,1110086,131,25353,NA,NA,18430980
North,2021-02-18,7,5618,1115704,199,25552,NA,NA,18430980
North,2021-02-19,7,6099,1121803,207,25759,NA,NA,18430980
North,2021-02-20,7,5322,1127125,192,25951,NA,NA,18430980
North,2021-02-21,8,2476,1129601,81,26032,NA,NA,18430980
North,2021-02-22,8,3635,1133236,148,26180,NA,NA,18430980
North,2021-02-23,8,6909,1140145,143,26323,NA,NA,18430980
North,2021-02-24,8,6081,1146226,165,26488,NA,NA,18430980
North,2021-02-25,8,5464,1151690,179,26667,NA,NA,18430980
North,2021-02-26,8,6200,1157890,176,26843,NA,NA,18430980
North,2021-02-27,8,5836,1163726,149,26992,NA,NA,18430980
North,2021-02-28,9,2825,1166551,73,27065,NA,NA,18430980
North,2021-03-01,9,3413,1169964,172,27237,NA,NA,18430980
North,2021-03-02,9,5897,1175861,183,27420,NA,NA,18430980
North,2021-03-03,9,5599,1181460,162,27582,NA,NA,18430980
North,2021-03-04,9,6104,1187564,227,27809,NA,NA,18430980
North,2021-03-05,9,7106,1194670,207,28016,NA,NA,18430980
North,2021-03-06,9,5007,1199677,117,28133,NA,NA,18430980
North,2021-03-07,10,3123,1202800,111,28244,NA,NA,18430980
North,2021-03-08,10,3477,1206277,148,28392,NA,NA,18430980
North,2021-03-09,10,5476,1211753,164,28556,NA,NA,18430980
North,2021-03-10,10,6975,1218728,220,28776,NA,NA,18430980
North,2021-03-11,10,7873,1226601,206,28982,NA,NA,18430980
North,2021-03-12,10,6345,1232946,205,29187,NA,NA,18430980
North,2021-03-13,10,5602,1238548,155,29342,NA,NA,18430980
North,2021-03-14,11,3356,1241904,108,29450,NA,NA,18430980
North,2021-03-15,11,4330,1246234,157,29607,NA,NA,18430980
North,2021-03-16,11,7412,1253646,207,29814,NA,NA,18430980
North,2021-03-17,11,7444,1261090,217,30031,NA,NA,18430980
North,2021-03-18,11,7949,1269039,250,30281,NA,NA,18430980
North,2021-03-19,11,8897,1277936,166,30447,NA,NA,18430980
North,2021-03-20,11,6698,1284634,182,30629,NA,NA,18430980
North,2021-03-21,12,3949,1288583,125,30754,NA,NA,18430980
North,2021-03-22,12,4083,1292666,153,30907,NA,NA,18430980
North,2021-03-23,12,7737,1300403,177,31084,NA,NA,18430980
North,2021-03-24,12,7704,1308107,202,31286,NA,NA,18430980
North,2021-03-25,12,7479,1315586,157,31443,NA,NA,18430980
North,2021-03-26,12,7986,1323572,229,31672,NA,NA,18430980
North,2021-03-27,12,7132,1330704,184,31856,NA,NA,18430980
North,2021-03-28,13,3217,1333921,132,31988,NA,NA,18430980
North,2021-03-29,13,3030,1336951,168,32156,NA,NA,18430980
North,2021-03-30,13,6450,1343401,173,32329,NA,NA,18430980
North,2021-03-31,13,8214,1351615,192,32521,NA,NA,18430980
North,2021-04-01,13,7179,1358794,192,32713,NA,NA,18430980
North,2021-04-02,13,5416,1364210,216,32929,NA,NA,18430980
North,2021-04-03,13,3107,1367317,144,33073,NA,NA,18430980
North,2021-04-04,14,2037,1369354,77,33150,NA,NA,18430980
North,2021-04-05,14,2897,1372251,159,33309,NA,NA,18430980
North,2021-04-06,14,6452,1378703,167,33476,NA,NA,18430980
North,2021-04-07,14,7145,1385848,198,33674,NA,NA,18430980
North,2021-04-08,14,7530,1393378,228,33902,NA,NA,18430980
North,2021-04-09,14,6815,1400193,187,34089,NA,NA,18430980
North,2021-04-10,14,5641,1405834,169,34258,NA,NA,18430980
North,2021-04-11,15,2676,1408510,121,34379,NA,NA,18430980
North,2021-04-12,15,2630,1411140,129,34508,NA,NA,18430980
North,2021-04-13,15,6888,1418028,211,34719,NA,NA,18430980
North,2021-04-14,15,6113,1424141,241,34960,NA,NA,18430980
North,2021-04-15,15,6539,1430680,214,35174,NA,NA,18430980
North,2021-04-16,15,6328,1437008,184,35358,NA,NA,18430980
North,2021-04-17,15,4693,1441701,214,35572,NA,NA,18430980
North,2021-04-18,16,2463,1444164,170,35742,NA,NA,18430980
North,2021-04-19,16,2277,1446441,145,35887,NA,NA,18430980
North,2021-04-20,16,5732,1452173,252,36139,NA,NA,18430980
North,2021-04-21,16,5564,1457737,236,36375,NA,NA,18430980
North,2021-04-22,16,3654,1461391,178,36553,NA,NA,18430980
North,2021-04-23,16,5198,1466589,173,36726,NA,NA,18430980
North,2021-04-24,16,4243,1470832,167,36893,NA,NA,18430980
North,2021-04-25,17,1824,1472656,99,36992,NA,NA,18430980
North,2021-04-26,17,1834,1474490,134,37126,NA,NA,18430980
North,2021-04-27,17,4072,1478562,215,37341,NA,NA,18430980
North,2021-04-28,17,5420,1483982,214,37555,NA,NA,18430980
North,2021-04-29,17,5519,1489501,180,37735,NA,NA,18430980
North,2021-04-30,17,5161,1494662,162,37897,NA,NA,18430980
North,2021-05-01,17,3759,1498421,158,38055,NA,NA,18430980
North,2021-05-02,18,1835,1500256,81,38136,NA,NA,18430980
North,2021-05-03,18,2164,1502420,113,38249,NA,NA,18430980
North,2021-05-04,18,4478,1506898,120,38369,NA,NA,18430980
North,2021-05-05,18,4215,1511113,190,38559,NA,NA,18430980
North,2021-05-06,18,5549,1516662,124,38683,NA,NA,18430980
North,2021-05-07,18,5262,1521924,126,38809,NA,NA,18430980
North,2021-05-08,18,3770,1525694,108,38917,NA,NA,18430980
North,2021-05-09,19,2097,1527791,60,38977,NA,NA,18430980
North,2021-05-10,19,1631,1529422,85,39062,NA,NA,18430980
North,2021-05-11,19,4220,1533642,105,39167,NA,NA,18430980
North,2021-05-12,19,5001,1538643,136,39303,NA,NA,18430980
North,2021-05-13,19,5718,1544361,172,39475,NA,NA,18430980
North,2021-05-14,19,4863,1549224,108,39583,NA,NA,18430980
North,2021-05-15,19,4768,1553992,110,39693,NA,NA,18430980
North,2021-05-16,20,2745,1556737,93,39786,NA,NA,18430980
North,2021-05-17,20,2225,1558962,71,39857,NA,NA,18430980
North,2021-05-18,20,4639,1563601,134,39991,NA,NA,18430980
North,2021-05-19,20,4421,1568022,128,40119,NA,NA,18430980
North,2021-05-20,20,4760,1572782,90,40209,NA,NA,18430980
North,2021-05-21,20,4541,1577323,116,40325,NA,NA,18430980
North,2021-05-22,20,4092,1581415,70,40395,NA,NA,18430980
North,2021-05-23,21,1813,1583228,39,40434,NA,NA,18430980
North,2021-05-24,21,2138,1585366,79,40513,NA,NA,18430980
North,2021-05-25,21,3993,1589359,103,40616,NA,NA,18430980
North,2021-05-26,21,4540,1593899,119,40735,NA,NA,18430980
North,2021-05-27,21,3712,1597611,87,40822,NA,NA,18430980
North,2021-05-28,21,4010,1601621,88,40910,NA,NA,18430980
North,2021-05-29,21,4125,1605746,92,41002,NA,NA,18430980
North,2021-05-30,22,1702,1607448,50,41052,NA,NA,18430980
North,2021-05-31,22,1598,1609046,65,41117,NA,NA,18430980
North,2021-06-01,22,4496,1613542,78,41195,NA,NA,18430980
North,2021-06-02,22,5038,1618580,114,41309,NA,NA,18430980
North,2021-06-03,22,4403,1622983,90,41399,NA,NA,18430980
North,2021-06-04,22,2669,1625652,79,41478,NA,NA,18430980
North,2021-06-05,22,3156,1628808,64,41542,NA,NA,18430980
North,2021-06-06,23,1645,1630453,44,41586,NA,NA,18430980
North,2021-06-07,23,1384,1631837,59,41645,NA,NA,18430980
North,2021-06-08,23,3201,1635038,96,41741,NA,NA,18430980
North,2021-06-09,23,6550,1641588,125,41866,NA,NA,18430980
North,2021-06-10,23,4981,1646569,113,41979,NA,NA,18430980
North,2021-06-11,23,6321,1652890,101,42080,NA,NA,18430980
North,2021-06-12,23,4234,1657124,63,42143,NA,NA,18430980
North,2021-06-13,24,1913,1659037,44,42187,NA,NA,18430980
North,2021-06-14,24,2715,1661752,74,42261,NA,NA,18430980
North,2021-06-15,24,4813,1666565,88,42349,NA,NA,18430980
North,2021-06-16,24,4395,1670960,111,42460,NA,NA,18430980
North,2021-06-17,24,4369,1675329,98,42558,NA,NA,18430980
North,2021-06-18,24,4768,1680097,109,42667,NA,NA,18430980
North,2021-06-19,24,3396,1683493,67,42734,NA,NA,18430980
North,2021-06-20,25,1433,1684926,30,42764,NA,NA,18430980
North,2021-06-21,25,1953,1686879,57,42821,NA,NA,18430980
North,2021-06-22,25,4384,1691263,107,42928,NA,NA,18430980
North,2021-06-23,25,3633,1694896,79,43007,NA,NA,18430980
North,2021-06-24,25,4794,1699690,80,43087,NA,NA,18430980
North,2021-06-25,25,3744,1703434,84,43171,NA,NA,18430980
North,2021-06-26,25,2774,1706208,52,43223,NA,NA,18430980
North,2021-06-27,26,1319,1707527,37,43260,NA,NA,18430980
North,2021-06-28,26,1543,1709070,62,43322,NA,NA,18430980
North,2021-06-29,26,2863,1711933,59,43381,NA,NA,18430980
North,2021-06-30,26,3213,1715146,68,43449,NA,NA,18430980
Northeast,2021-01-01,53,5700,1901857,77,47825,NA,NA,57071654
Northeast,2021-01-02,53,3097,1904954,101,47926,NA,NA,57071654
Northeast,2021-01-03,1,3385,1908339,90,48016,NA,NA,57071654
Northeast,2021-01-04,1,3081,1911420,90,48106,NA,NA,57071654
Northeast,2021-01-05,1,8985,1920405,146,48252,NA,NA,57071654
Northeast,2021-01-06,1,11054,1931459,124,48376,NA,NA,57071654
Northeast,2021-01-07,1,9585,1941044,161,48537,NA,NA,57071654
Northeast,2021-01-08,1,10063,1951107,143,48680,NA,NA,57071654
Northeast,2021-01-09,1,8932,1960039,127,48807,NA,NA,57071654
Northeast,2021-01-10,2,6825,1966864,104,48911,NA,NA,57071654
Northeast,2021-01-11,2,4809,1971673,103,49014,NA,NA,57071654
Northeast,2021-01-12,2,6458,1978131,130,49144,NA,NA,57071654
Northeast,2021-01-13,2,11131,1989262,142,49286,NA,NA,57071654
Northeast,2021-01-14,2,11792,2001054,135,49421,NA,NA,57071654
Northeast,2021-01-15,2,13286,2014340,105,49526,NA,NA,57071654
Northeast,2021-01-16,2,12423,2026763,146,49672,NA,NA,57071654
Northeast,2021-01-17,3,8110,2034873,102,49774,NA,NA,57071654
Northeast,2021-01-18,3,5034,2039907,93,49867,NA,NA,57071654
Northeast,2021-01-19,3,10409,2050316,127,49994,NA,NA,57071654
Northeast,2021-01-20,3,12504,2062820,125,50119,NA,NA,57071654
Northeast,2021-01-21,3,12206,2075026,146,50265,NA,NA,57071654
Northeast,2021-01-22,3,11821,2086847,173,50438,NA,NA,57071654
Northeast,2021-01-23,3,11045,2097892,120,50558,NA,NA,57071654
Northeast,2021-01-24,4,7822,2105714,101,50659,NA,NA,57071654
Northeast,2021-01-25,4,7160,2112874,83,50742,NA,NA,57071654
Northeast,2021-01-26,4,10502,2123376,146,50888,NA,NA,57071654
Northeast,2021-01-27,4,11904,2135280,148,51036,NA,NA,57071654
Northeast,2021-01-28,4,9901,2145181,137,51173,NA,NA,57071654
Northeast,2021-01-29,4,10869,2156050,130,51303,NA,NA,57071654
Northeast,2021-01-30,4,11484,2167534,132,51435,NA,NA,57071654
Northeast,2021-01-31,5,9152,2176686,106,51541,NA,NA,57071654
Northeast,2021-02-01,5,5797,2182483,105,51646,NA,NA,57071654
Northeast,2021-02-02,5,9040,2191523,133,51779,NA,NA,57071654
Northeast,2021-02-03,5,11626,2203149,189,51968,NA,NA,57071654
Northeast,2021-02-04,5,8532,2211681,126,52094,NA,NA,57071654
Northeast,2021-02-05,5,8954,2220635,152,52246,NA,NA,57071654
Northeast,2021-02-06,5,10443,2231078,151,52397,NA,NA,57071654
Northeast,2021-02-07,6,6670,2237748,96,52493,NA,NA,57071654
Northeast,2021-02-08,6,7348,2245096,103,52596,NA,NA,57071654
Northeast,2021-02-09,6,10366,2255462,178,52774,NA,NA,57071654
Northeast,2021-02-10,6,9252,2264714,133,52907,NA,NA,57071654
Northeast,2021-02-11,6,12541,2277255,188,53095,NA,NA,57071654
Northeast,2021-02-12,6,10321,2287576,188,53283,NA,NA,57071654
Northeast,2021-02-13,6,8482,2296058,139,53422,NA,NA,57071654
Northeast,2021-02-14,7,9206,2305264,216,53638,NA,NA,57071654
Northeast,2021-02-15,7,16631,2321895,145,53783,NA,NA,57071654
Northeast,2021-02-16,7,9338,2331233,171,53954,NA,NA,57071654
Northeast,2021-02-17,7,20266,2351499,177,54131,NA,NA,57071654
Northeast,2021-02-18,7,9799,2361298,171,54302,NA,NA,57071654
Northeast,2021-02-19,7,7771,2369069,190,54492,NA,NA,57071654
Northeast,2021-02-20,7,11256,2380325,220,54712,NA,NA,57071654
Northeast,2021-02-21,8,8046,2388371,144,54856,NA,NA,57071654
Northeast,2021-02-22,8,6081,2394452,166,55022,NA,NA,57071654
Northeast,2021-02-23,8,12178,2406630,241,55263,NA,NA,57071654
Northeast,2021-02-24,8,13035,2419665,222,55485,NA,NA,57071654
Northeast,2021-02-25,8,13923,2433588,250,55735,NA,NA,57071654
Northeast,2021-02-26,8,14376,2447964,282,56017,NA,NA,57071654
Northeast,2021-02-27,8,13770,2461734,296,56313,NA,NA,57071654
Northeast,2021-02-28,9,11315,2473049,214,56527,NA,NA,57071654
Northeast,2021-03-01,9,7836,2480885,226,56753,NA,NA,57071654
Northeast,2021-03-02,9,11594,2492479,305,57058,NA,NA,57071654
Northeast,2021-03-03,9,14770,2507249,326,57384,NA,NA,57071654
Northeast,2021-03-04,9,16740,2523989,354,57738,NA,NA,57071654
Northeast,2021-03-05,9,15666,2539655,350,58088,NA,NA,57071654
Northeast,2021-03-06,9,12686,2552341,323,58411,NA,NA,57071654
Northeast,2021-03-07,10,10357,2562698,255,58666,NA,NA,57071654
Northeast,2021-03-08,10,9055,2571753,314,58980,NA,NA,57071654
Northeast,2021-03-09,10,13867,2585620,372,59352,NA,NA,57071654
Northeast,2021-03-10,10,16153,2601773,424,59776,NA,NA,57071654
Northeast,2021-03-11,10,16007,2617780,382,60158,NA,NA,57071654
Northeast,2021-03-12,10,18267,2636047,360,60518,NA,NA,57071654
Northeast,2021-03-13,10,17152,2653199,332,60850,NA,NA,57071654
Northeast,2021-03-14,11,10882,2664081,311,61161,NA,NA,57071654
Northeast,2021-03-15,11,7732,2671813,343,61504,NA,NA,57071654
Northeast,2021-03-16,11,17097,2688910,423,61927,NA,NA,57071654
Northeast,2021-03-17,11,17126,2706036,448,62375,NA,NA,57071654
Northeast,2021-03-18,11,17663,2723699,514,62889,NA,NA,57071654
Northeast,2021-03-19,11,17381,2741080,519,63408,NA,NA,57071654
Northeast,2021-03-20,11,16783,2757863,378,63786,NA,NA,57071654
Northeast,2021-03-21,12,10611,2768474,338,64124,NA,NA,57071654
Northeast,2021-03-22,12,19366,2787840,301,64425,NA,NA,57071654
Northeast,2021-03-23,12,12775,2800615,574,64999,NA,NA,57071654
Northeast,2021-03-24,12,14520,2815135,364,65363,NA,NA,57071654
Northeast,2021-03-25,12,19114,2834249,692,66055,NA,NA,57071654
Northeast,2021-03-26,12,15013,2849262,424,66479,NA,NA,57071654
Northeast,2021-03-27,12,16220,2865482,548,67027,NA,NA,57071654
Northeast,2021-03-28,13,9836,2875318,350,67377,NA,NA,57071654
Northeast,2021-03-29,13,12052,2887370,340,67717,NA,NA,57071654
Northeast,2021-03-30,13,15892,2903262,602,68319,NA,NA,57071654
Northeast,2021-03-31,13,18864,2922126,690,69009,NA,NA,57071654
Northeast,2021-04-01,13,17472,2939598,568,69577,NA,NA,57071654
Northeast,2021-04-02,13,13019,2952617,471,70048,NA,NA,57071654
Northeast,2021-04-03,13,12972,2965589,372,70420,NA,NA,57071654
Northeast,2021-04-04,14,10079,2975668,320,70740,NA,NA,57071654
Northeast,2021-04-05,14,6415,2982083,302,71042,NA,NA,57071654
Northeast,2021-04-06,14,18624,3000707,707,71749,NA,NA,57071654
Northeast,2021-04-07,14,17924,3018631,707,72456,NA,NA,57071654
Northeast,2021-04-08,14,20756,3039387,569,73025,NA,NA,57071654
Northeast,2021-04-09,14,19962,3059349,604,73629,NA,NA,57071654
Northeast,2021-04-10,14,16272,3075621,510,74139,NA,NA,57071654
Northeast,2021-04-11,15,11673,3087294,303,74442,NA,NA,57071654
Northeast,2021-04-12,15,12532,3099826,433,74875,NA,NA,57071654
Northeast,2021-04-13,15,18452,3118278,519,75394,NA,NA,57071654
Northeast,2021-04-14,15,11774,3130052,449,75843,NA,NA,57071654
Northeast,2021-04-15,15,11596,3141648,394,76237,NA,NA,57071654
Northeast,2021-04-16,15,23809,3165457,807,77044,NA,NA,57071654
Northeast,2021-04-17,15,18314,3183771,461,77505,NA,NA,57071654
Northeast,2021-04-18,16,15811,3199582,325,77830,NA,NA,57071654
Northeast,2021-04-19,16,8682,3208264,288,78118,NA,NA,57071654
Northeast,2021-04-20,16,13183,3221447,414,78532,NA,NA,57071654
Northeast,2021-04-21,16,20367,3241814,617,79149,NA,NA,57071654
Northeast,2021-04-22,16,14502,3256316,401,79550,NA,NA,57071654
Northeast,2021-04-23,16,14319,3270635,540,80090,NA,NA,57071654
Northeast,2021-04-24,16,17762,3288397,507,80597,NA,NA,57071654
Northeast,2021-04-25,17,11814,3300211,312,80909,NA,NA,57071654
Northeast,2021-04-26,17,11483,3311694,324,81233,NA,NA,57071654
Northeast,2021-04-27,17,18012,3329706,508,81741,NA,NA,57071654
Northeast,2021-04-28,17,16322,3346028,502,82243,NA,NA,57071654
Northeast,2021-04-29,17,15986,3362014,503,82746,NA,NA,57071654
Northeast,2021-04-30,17,11355,3373369,314,83060,NA,NA,57071654
Northeast,2021-05-01,17,21549,3394918,675,83735,NA,NA,57071654
Northeast,2021-05-02,18,8326,3403244,268,84003,NA,NA,57071654
Northeast,2021-05-03,18,8033,3411277,309,84312,NA,NA,57071654
Northeast,2021-05-04,18,22850,3434127,545,84857,NA,NA,57071654
Northeast,2021-05-05,18,15293,3449420,386,85243,NA,NA,57071654
Northeast,2021-05-06,18,17346,3466766,355,85598,NA,NA,57071654
Northeast,2021-05-07,18,18294,3485060,402,86000,NA,NA,57071654
Northeast,2021-05-08,18,17043,3502103,449,86449,NA,NA,57071654
Northeast,2021-05-09,19,17991,3520094,322,86771,NA,NA,57071654
Northeast,2021-05-10,19,6425,3526519,227,86998,NA,NA,57071654
Northeast,2021-05-11,19,20932,3547451,414,87412,NA,NA,57071654
Northeast,2021-05-12,19,19655,3567106,511,87923,NA,NA,57071654
Northeast,2021-05-13,19,17924,3585030,512,88435,NA,NA,57071654
Northeast,2021-05-14,19,23635,3608665,377,88812,NA,NA,57071654
Northeast,2021-05-15,19,14812,3623477,361,89173,NA,NA,57071654
Northeast,2021-05-16,20,14960,3638437,215,89388,NA,NA,57071654
Northeast,2021-05-17,20,9246,3647683,288,89676,NA,NA,57071654
Northeast,2021-05-18,20,16735,3664418,453,90129,NA,NA,57071654
Northeast,2021-05-19,20,18226,3682644,566,90695,NA,NA,57071654
Northeast,2021-05-20,20,18118,3700762,437,91132,NA,NA,57071654
Northeast,2021-05-21,20,17604,3718366,394,91526,NA,NA,57071654
Northeast,2021-05-22,20,22976,3741342,431,91957,NA,NA,57071654
Northeast,2021-05-23,21,13096,3754438,216,92173,NA,NA,57071654
Northeast,2021-05-24,21,14801,3769239,262,92435,NA,NA,57071654
Northeast,2021-05-25,21,18228,3787467,431,92866,NA,NA,57071654
Northeast,2021-05-26,21,20332,3807799,480,93346,NA,NA,57071654
Northeast,2021-05-27,21,19050,3826849,466,93812,NA,NA,57071654
Northeast,2021-05-28,21,14788,3841637,460,94272,NA,NA,57071654
Northeast,2021-05-29,21,27222,3868859,435,94707,NA,NA,57071654
Northeast,2021-05-30,22,10702,3879561,188,94895,NA,NA,57071654
Northeast,2021-05-31,22,9037,3888598,379,95274,NA,NA,57071654
Northeast,2021-06-01,22,17997,3906595,428,95702,NA,NA,57071654
Northeast,2021-06-02,22,20534,3927129,467,96169,NA,NA,57071654
Northeast,2021-06-03,22,22053,3949182,431,96600,NA,NA,57071654
Northeast,2021-06-04,22,12699,3961881,313,96913,NA,NA,57071654
Northeast,2021-06-05,22,18844,3980725,376,97289,NA,NA,57071654
Northeast,2021-06-06,23,12890,3993615,227,97516,NA,NA,57071654
Northeast,2021-06-07,23,9658,4003273,310,97826,NA,NA,57071654
Northeast,2021-06-08,23,12320,4015593,420,98246,NA,NA,57071654
Northeast,2021-06-09,23,20780,4036373,792,99038,NA,NA,57071654
Northeast,2021-06-10,23,22768,4059141,412,99450,NA,NA,57071654
Northeast,2021-06-11,23,15762,4074903,389,99839,NA,NA,57071654
Northeast,2021-06-12,23,20062,4094965,338,100177,NA,NA,57071654
Northeast,2021-06-13,24,13420,4108385,272,100449,NA,NA,57071654
Northeast,2021-06-14,24,16334,4124719,335,100784,NA,NA,57071654
Northeast,2021-06-15,24,20077,4144796,487,101271,NA,NA,57071654
Northeast,2021-06-16,24,20406,4165202,582,101853,NA,NA,57071654
Northeast,2021-06-17,24,17100,4182302,354,102207,NA,NA,57071654
Northeast,2021-06-18,24,20700,4203002,394,102601,NA,NA,57071654
Northeast,2021-06-19,24,16833,4219835,388,102989,NA,NA,57071654
Northeast,2021-06-20,25,11549,4231384,288,103277,NA,NA,57071654
Northeast,2021-06-21,25,9850,4241234,280,103557,NA,NA,57071654
Northeast,2021-06-22,25,15795,4257029,382,103939,NA,NA,57071654
Northeast,2021-06-23,25,51582,4308611,394,104333,NA,NA,57071654
Northeast,2021-06-24,25,13007,4321618,349,104682,NA,NA,57071654
Northeast,2021-06-25,25,16550,4338168,304,104986,NA,NA,57071654
Northeast,2021-06-26,25,13093,4351261,271,105257,NA,NA,57071654
Northeast,2021-06-27,26,9727,4360988,161,105418,NA,NA,57071654
Northeast,2021-06-28,26,6285,4367273,236,105654,NA,NA,57071654
Northeast,2021-06-29,26,14248,4381521,378,106032,NA,NA,57071654
Northeast,2021-06-30,26,9808,4391329,288,106320,NA,NA,57071654
South,2021-01-01,53,5859,1364682,81,22180,NA,NA,29975984
South,2021-01-02,53,4377,1369059,49,22229,NA,NA,29975984
South,2021-01-03,1,4358,1373417,67,22296,NA,NA,29975984
South,2021-01-04,1,3860,1377277,158,22454,NA,NA,29975984
South,2021-01-05,1,13906,1391183,246,22700,NA,NA,29975984
South,2021-01-06,1,11924,1403107,241,22941,NA,NA,29975984
South,2021-01-07,1,41669,1444776,504,23445,NA,NA,29975984
South,2021-01-08,1,8659,1453435,127,23572,NA,NA,29975984
South,2021-01-09,1,15510,1468945,194,23766,NA,NA,29975984
South,2021-01-10,2,5391,1474336,59,23825,NA,NA,29975984
South,2021-01-11,2,5153,1479489,118,23943,NA,NA,29975984
South,2021-01-12,2,18641,1498130,268,24211,NA,NA,29975984
South,2021-01-13,2,9082,1507212,169,24380,NA,NA,29975984
South,2021-01-14,2,14365,1521577,181,24561,NA,NA,29975984
South,2021-01-15,2,13756,1535333,155,24716,NA,NA,29975984
South,2021-01-16,2,11066,1546399,100,24816,NA,NA,29975984
South,2021-01-17,3,4830,1551229,83,24899,NA,NA,29975984
South,2021-01-18,3,3930,1555159,41,24940,NA,NA,29975984
South,2021-01-19,3,12276,1567435,212,25152,NA,NA,29975984
South,2021-01-20,3,10769,1578204,145,25297,NA,NA,29975984
South,2021-01-21,3,9883,1588087,178,25475,NA,NA,29975984
South,2021-01-22,3,9470,1597557,119,25594,NA,NA,29975984
South,2021-01-23,3,9568,1607125,157,25751,NA,NA,29975984
South,2021-01-24,4,3885,1611010,79,25830,NA,NA,29975984
South,2021-01-25,4,5182,1616192,200,26030,NA,NA,29975984
South,2021-01-26,4,13604,1629796,202,26232,NA,NA,29975984
South,2021-01-27,4,10023,1639819,160,26392,NA,NA,29975984
South,2021-01-28,4,10466,1650285,318,26710,NA,NA,29975984
South,2021-01-29,4,9886,1660171,126,26836,NA,NA,29975984
South,2021-01-30,4,9583,1669754,165,27001,NA,NA,29975984
South,2021-01-31,5,3676,1673430,38,27039,NA,NA,29975984
South,2021-02-01,5,5167,1678597,87,27126,NA,NA,29975984
South,2021-02-02,5,10376,1688973,209,27335,NA,NA,29975984
South,2021-02-03,5,8687,1697660,126,27461,NA,NA,29975984
South,2021-02-04,5,8950,1706610,134,27595,NA,NA,29975984
South,2021-02-05,5,9282,1715892,141,27736,NA,NA,29975984
South,2021-02-06,5,9336,1725228,135,27871,NA,NA,29975984
South,2021-02-07,6,3646,1728874,36,27907,NA,NA,29975984
South,2021-02-08,6,3142,1732016,110,28017,NA,NA,29975984
South,2021-02-09,6,10421,1742437,247,28264,NA,NA,29975984
South,2021-02-10,6,11142,1753579,101,28365,NA,NA,29975984
South,2021-02-11,6,10144,1763723,143,28508,NA,NA,29975984
South,2021-02-12,6,9125,1772848,139,28647,NA,NA,29975984
South,2021-02-13,6,9419,1782267,152,28799,NA,NA,29975984
South,2021-02-14,7,4331,1786598,45,28844,NA,NA,29975984
South,2021-02-15,7,4652,1791250,54,28898,NA,NA,29975984
South,2021-02-16,7,13654,1804904,129,29027,NA,NA,29975984
South,2021-02-17,7,9511,1814415,158,29185,NA,NA,29975984
South,2021-02-18,7,11824,1826239,260,29445,NA,NA,29975984
South,2021-02-19,7,12311,1838550,173,29618,NA,NA,29975984
South,2021-02-20,7,12647,1851197,184,29802,NA,NA,29975984
South,2021-02-21,8,7238,1858435,72,29874,NA,NA,29975984
South,2021-02-22,8,6984,1865419,90,29964,NA,NA,29975984
South,2021-02-23,8,18229,1883648,305,30269,NA,NA,29975984
South,2021-02-24,8,16539,1900187,232,30501,NA,NA,29975984
South,2021-02-25,8,15846,1916033,280,30781,NA,NA,29975984
South,2021-02-26,8,17781,1933814,226,31007,NA,NA,29975984
South,2021-02-27,8,17337,1951151,285,31292,NA,NA,29975984
South,2021-02-28,9,7408,1958559,127,31419,NA,NA,29975984
South,2021-03-01,9,10926,1969485,175,31594,NA,NA,29975984
South,2021-03-02,9,17994,1987479,450,32044,NA,NA,29975984
South,2021-03-03,9,19739,2007218,389,32433,NA,NA,29975984
South,2021-03-04,9,21014,2028232,385,32818,NA,NA,29975984
South,2021-03-05,9,20650,2048882,382,33200,NA,NA,29975984
South,2021-03-06,9,23830,2072712,408,33608,NA,NA,29975984
South,2021-03-07,10,49432,2122144,396,34004,NA,NA,29975984
South,2021-03-08,10,6161,2128305,230,34234,NA,NA,29975984
South,2021-03-09,10,20192,2148497,589,34823,NA,NA,29975984
South,2021-03-10,10,18638,2167135,601,35424,NA,NA,29975984
South,2021-03-11,10,16678,2183813,475,35899,NA,NA,29975984
South,2021-03-12,10,22334,2206147,492,36391,NA,NA,29975984
South,2021-03-13,10,19970,2226117,601,36992,NA,NA,29975984
South,2021-03-14,11,9360,2235477,245,37237,NA,NA,29975984
South,2021-03-15,11,6462,2241939,285,37522,NA,NA,29975984
South,2021-03-16,11,22701,2264640,978,38500,NA,NA,29975984
South,2021-03-17,11,20844,2285484,638,39138,NA,NA,29975984
South,2021-03-18,11,19115,2304599,615,39753,NA,NA,29975984
South,2021-03-19,11,22279,2326878,793,40546,NA,NA,29975984
South,2021-03-20,11,17465,2344343,579,41125,NA,NA,29975984
South,2021-03-21,12,7764,2352107,176,41301,NA,NA,29975984
South,2021-03-22,12,8366,2360473,476,41777,NA,NA,29975984
South,2021-03-23,12,22592,2383065,836,42613,NA,NA,29975984
South,2021-03-24,12,17404,2400469,510,43123,NA,NA,29975984
South,2021-03-25,12,24949,2425418,676,43799,NA,NA,29975984
South,2021-03-26,12,9968,2435386,807,44606,NA,NA,29975984
South,2021-03-27,12,20653,2456039,617,45223,NA,NA,29975984
South,2021-03-28,13,6918,2462957,272,45495,NA,NA,29975984
South,2021-03-29,13,6890,2469847,409,45904,NA,NA,29975984
South,2021-03-30,13,15267,2485114,801,46705,NA,NA,29975984
South,2021-03-31,13,13300,2498414,633,47338,NA,NA,29975984
South,2021-04-01,13,13932,2512346,689,48027,NA,NA,29975984
South,2021-04-02,13,15433,2527779,515,48542,NA,NA,29975984
South,2021-04-03,13,4538,2532317,340,48882,NA,NA,29975984
South,2021-04-04,14,3347,2535664,159,49041,NA,NA,29975984
South,2021-04-05,14,3568,2539232,288,49329,NA,NA,29975984
South,2021-04-06,14,15987,2555219,922,50251,NA,NA,29975984
South,2021-04-07,14,15258,2570477,741,50992,NA,NA,29975984
South,2021-04-08,14,12202,2582679,797,51789,NA,NA,29975984
South,2021-04-09,14,14187,2596866,667,52456,NA,NA,29975984
South,2021-04-10,14,9397,2606263,367,52823,NA,NA,29975984
South,2021-04-11,15,3104,2609367,150,52973,NA,NA,29975984
South,2021-04-12,15,5920,2615287,332,53305,NA,NA,29975984
South,2021-04-13,15,16370,2631657,845,54150,NA,NA,29975984
South,2021-04-14,15,11694,2643351,443,54593,NA,NA,29975984
South,2021-04-15,15,12774,2656125,600,55193,NA,NA,29975984
South,2021-04-16,15,14409,2670534,446,55639,NA,NA,29975984
South,2021-04-17,15,10370,2680904,320,55959,NA,NA,29975984
South,2021-04-18,16,3800,2684704,164,56123,NA,NA,29975984
South,2021-04-19,16,5412,2690116,236,56359,NA,NA,29975984
South,2021-04-20,16,13339,2703455,544,56903,NA,NA,29975984
South,2021-04-21,16,12798,2716253,438,57341,NA,NA,29975984
South,2021-04-22,16,5161,2721414,286,57627,NA,NA,29975984
South,2021-04-23,16,13485,2734899,561,58188,NA,NA,29975984
South,2021-04-24,16,13071,2747970,530,58718,NA,NA,29975984
South,2021-04-25,17,3187,2751157,161,58879,NA,NA,29975984
South,2021-04-26,17,4921,2756078,227,59106,NA,NA,29975984
South,2021-04-27,17,12830,2768908,458,59564,NA,NA,29975984
South,2021-04-28,17,13457,2782365,443,60007,NA,NA,29975984
South,2021-04-29,17,12001,2794366,436,60443,NA,NA,29975984
South,2021-04-30,17,16232,2810598,439,60882,NA,NA,29975984
South,2021-05-01,17,11668,2822266,353,61235,NA,NA,29975984
South,2021-05-02,18,3727,2825993,112,61347,NA,NA,29975984
South,2021-05-03,18,3427,2829420,166,61513,NA,NA,29975984
South,2021-05-04,18,14278,2843698,686,62199,NA,NA,29975984
South,2021-05-05,18,14490,2858188,453,62652,NA,NA,29975984
South,2021-05-06,18,11697,2869885,440,63092,NA,NA,29975984
South,2021-05-07,18,16896,2886781,330,63422,NA,NA,29975984
South,2021-05-08,18,12209,2898990,289,63711,NA,NA,29975984
South,2021-05-09,19,3740,2902730,69,63780,NA,NA,29975984
South,2021-05-10,19,6930,2909660,230,64010,NA,NA,29975984
South,2021-05-11,19,11372,2921032,344,64354,NA,NA,29975984
South,2021-05-12,19,13332,2934364,281,64635,NA,NA,29975984
South,2021-05-13,19,12126,2946490,286,64921,NA,NA,29975984
South,2021-05-14,19,17125,2963615,310,65231,NA,NA,29975984
South,2021-05-15,19,12813,2976428,426,65657,NA,NA,29975984
South,2021-05-16,20,6891,2983319,132,65789,NA,NA,29975984
South,2021-05-17,20,4277,2987596,102,65891,NA,NA,29975984
South,2021-05-18,20,15944,3003540,451,66342,NA,NA,29975984
South,2021-05-19,20,16411,3019951,369,66711,NA,NA,29975984
South,2021-05-20,20,16273,3036224,338,67049,NA,NA,29975984
South,2021-05-21,20,15728,3051952,354,67403,NA,NA,29975984
South,2021-05-22,20,13076,3065028,266,67669,NA,NA,29975984
South,2021-05-23,21,3455,3068483,78,67747,NA,NA,29975984
South,2021-05-24,21,4060,3072543,157,67904,NA,NA,29975984
South,2021-05-25,21,14466,3087009,330,68234,NA,NA,29975984
South,2021-05-26,21,14424,3101433,305,68539,NA,NA,29975984
South,2021-05-27,21,11362,3112795,368,68907,NA,NA,29975984
South,2021-05-28,21,10105,3122900,393,69300,NA,NA,29975984
South,2021-05-29,21,14900,3137800,349,69649,NA,NA,29975984
South,2021-05-30,22,5147,3142947,119,69768,NA,NA,29975984
South,2021-05-31,22,4310,3147257,121,69889,NA,NA,29975984
South,2021-06-01,22,15141,3162398,450,70339,NA,NA,29975984
South,2021-06-02,22,14598,3176996,357,70696,NA,NA,29975984
South,2021-06-03,22,13951,3190947,290,70986,NA,NA,29975984
South,2021-06-04,22,6435,3197382,170,71156,NA,NA,29975984
South,2021-06-05,22,11565,3208947,199,71355,NA,NA,29975984
South,2021-06-06,23,5522,3214469,113,71468,NA,NA,29975984
South,2021-06-07,23,12556,3227025,229,71697,NA,NA,29975984
South,2021-06-08,23,9917,3236942,481,72178,NA,NA,29975984
South,2021-06-09,23,21177,3258119,378,72556,NA,NA,29975984
South,2021-06-10,23,13881,3272000,424,72980,NA,NA,29975984
South,2021-06-11,23,15423,3287423,320,73300,NA,NA,29975984
South,2021-06-12,23,12734,3300157,336,73636,NA,NA,29975984
South,2021-06-13,24,4346,3304503,135,73771,NA,NA,29975984
South,2021-06-14,24,4860,3309363,113,73884,NA,NA,29975984
South,2021-06-15,24,8853,3318216,447,74331,NA,NA,29975984
South,2021-06-16,24,22394,3340610,684,75015,NA,NA,29975984
South,2021-06-17,24,15271,3355881,525,75540,NA,NA,29975984
South,2021-06-18,24,24058,3379939,649,76189,NA,NA,29975984
South,2021-06-19,24,20213,3400152,443,76632,NA,NA,29975984
South,2021-06-20,25,12617,3412769,93,76725,NA,NA,29975984
South,2021-06-21,25,15453,3428222,137,76862,NA,NA,29975984
South,2021-06-22,25,23898,3452120,327,77189,NA,NA,29975984
South,2021-06-23,25,17170,3469290,323,77512,NA,NA,29975984
South,2021-06-24,25,18597,3487887,254,77766,NA,NA,29975984
South,2021-06-25,25,17110,3504997,243,78009,NA,NA,29975984
South,2021-06-26,25,12930,3517927,179,78188,NA,NA,29975984
South,2021-06-27,26,7030,3524957,80,78268,NA,NA,29975984
South,2021-06-28,26,7060,3532017,93,78361,NA,NA,29975984
South,2021-06-29,26,12155,3544172,253,78614,NA,NA,29975984
South,2021-06-30,26,8608,3552780,356,78970,NA,NA,29975984
Southeast,2021-01-01,53,9639,2697725,234,89463,NA,NA,88371433
Southeast,2021-01-02,53,5361,2703086,89,89552,NA,NA,88371433
Southeast,2021-01-03,1,6390,2709476,68,89620,NA,NA,88371433
Southeast,2021-01-04,1,8758,2718234,124,89744,NA,NA,88371433
Southeast,2021-01-05,1,24113,2742347,597,90341,NA,NA,88371433
Southeast,2021-01-06,1,28941,2771288,655,90996,NA,NA,88371433
Southeast,2021-01-07,1,27084,2798372,689,91685,NA,NA,88371433
Southeast,2021-01-08,1,25160,2823532,578,92263,NA,NA,88371433
Southeast,2021-01-09,1,26828,2850360,639,92902,NA,NA,88371433
Southeast,2021-01-10,2,12493,2862853,228,93130,NA,NA,88371433
Southeast,2021-01-11,2,8170,2871023,110,93240,NA,NA,88371433
Southeast,2021-01-12,2,26127,2897150,530,93770,NA,NA,88371433
Southeast,2021-01-13,2,29646,2926796,766,94536,NA,NA,88371433
Southeast,2021-01-14,2,28440,2955236,670,95206,NA,NA,88371433
Southeast,2021-01-15,2,29576,2984812,636,95842,NA,NA,88371433
Southeast,2021-01-16,2,27185,3011997,646,96488,NA,NA,88371433
Southeast,2021-01-17,3,14513,3026510,219,96707,NA,NA,88371433
Southeast,2021-01-18,3,7457,3033967,102,96809,NA,NA,88371433
Southeast,2021-01-19,3,27979,3061946,605,97414,NA,NA,88371433
Southeast,2021-01-20,3,26963,3088909,756,98170,NA,NA,88371433
Southeast,2021-01-21,3,26098,3115007,708,98878,NA,NA,88371433
Southeast,2021-01-22,3,21206,3136213,549,99427,NA,NA,88371433
Southeast,2021-01-23,3,29850,3166063,614,100041,NA,NA,88371433
Southeast,2021-01-24,4,11060,3177123,240,100281,NA,NA,88371433
Southeast,2021-01-25,4,7253,3184376,143,100424,NA,NA,88371433
Southeast,2021-01-26,4,23998,3208374,531,100955,NA,NA,88371433
Southeast,2021-01-27,4,29178,3237552,763,101718,NA,NA,88371433
Southeast,2021-01-28,4,27885,3265437,673,102391,NA,NA,88371433
Southeast,2021-01-29,4,25624,3291061,532,102923,NA,NA,88371433
Southeast,2021-01-30,4,25691,3316752,600,103523,NA,NA,88371433
Southeast,2021-01-31,5,10155,3326907,239,103762,NA,NA,88371433
Southeast,2021-02-01,5,7261,3334168,158,103920,NA,NA,88371433
Southeast,2021-02-02,5,23641,3357809,577,104497,NA,NA,88371433
Southeast,2021-02-03,5,23254,3381063,624,105121,NA,NA,88371433
Southeast,2021-02-04,5,28302,3409365,678,105799,NA,NA,88371433
Southeast,2021-02-05,5,21968,3431333,712,106511,NA,NA,88371433
Southeast,2021-02-06,5,20472,3451805,423,106934,NA,NA,88371433
Southeast,2021-02-07,6,12467,3464272,202,107136,NA,NA,88371433
Southeast,2021-02-08,6,7347,3471619,206,107342,NA,NA,88371433
Southeast,2021-02-09,6,19328,3490947,570,107912,NA,NA,88371433
Southeast,2021-02-10,6,27854,3518801,754,108666,NA,NA,88371433
Southeast,2021-02-11,6,21232,3540033,706,109372,NA,NA,88371433
Southeast,2021-02-12,6,21428,3561461,593,109965,NA,NA,88371433
Southeast,2021-02-13,6,18203,3579664,504,110469,NA,NA,88371433
Southeast,2021-02-14,7,6776,3586440,304,110773,NA,NA,88371433
Southeast,2021-02-15,7,4944,3591384,86,110859,NA,NA,88371433
Southeast,2021-02-16,7,23341,3614725,552,111411,NA,NA,88371433
Southeast,2021-02-17,7,17902,3632627,562,111973,NA,NA,88371433
Southeast,2021-02-18,7,19735,3652362,632,112605,NA,NA,88371433
Southeast,2021-02-19,7,20133,3672495,638,113243,NA,NA,88371433
Southeast,2021-02-20,7,23876,3696371,525,113768,NA,NA,88371433
Southeast,2021-02-21,8,9451,3705822,193,113961,NA,NA,88371433
Southeast,2021-02-22,8,6710,3712532,168,114129,NA,NA,88371433
Southeast,2021-02-23,8,19113,3731645,565,114694,NA,NA,88371433
Southeast,2021-02-24,8,23172,3754817,719,115413,NA,NA,88371433
Southeast,2021-02-25,8,24252,3779069,728,116141,NA,NA,88371433
Southeast,2021-02-26,8,19951,3799020,560,116701,NA,NA,88371433
Southeast,2021-02-27,8,20485,3819505,589,117290,NA,NA,88371433
Southeast,2021-02-28,9,10142,3829647,254,117544,NA,NA,88371433
Southeast,2021-03-01,9,9385,3839032,120,117664,NA,NA,88371433
Southeast,2021-03-02,9,17025,3856057,628,118292,NA,NA,88371433
Southeast,2021-03-03,9,23647,3879704,799,119091,NA,NA,88371433
Southeast,2021-03-04,9,23705,3903409,600,119691,NA,NA,88371433
Southeast,2021-03-05,9,24134,3927543,709,120400,NA,NA,88371433
Southeast,2021-03-06,9,22979,3950522,625,121025,NA,NA,88371433
Southeast,2021-03-07,10,14828,3965350,230,121255,NA,NA,88371433
Southeast,2021-03-08,10,8260,3973610,178,121433,NA,NA,88371433
Southeast,2021-03-09,10,23404,3997014,698,122131,NA,NA,88371433
Southeast,2021-03-10,10,29907,4026921,795,122926,NA,NA,88371433
Southeast,2021-03-11,10,26175,4053096,910,123836,NA,NA,88371433
Southeast,2021-03-12,10,29542,4082638,891,124727,NA,NA,88371433
Southeast,2021-03-13,10,26558,4109196,754,125481,NA,NA,88371433
Southeast,2021-03-14,11,16555,4125751,340,125821,NA,NA,88371433
Southeast,2021-03-15,11,11136,4136887,164,125985,NA,NA,88371433
Southeast,2021-03-16,11,27360,4164247,857,126842,NA,NA,88371433
Southeast,2021-03-17,11,35189,4199436,1106,127948,NA,NA,88371433
Southeast,2021-03-18,11,34132,4233568,1071,129019,NA,NA,88371433
Southeast,2021-03-19,11,34085,4267653,1031,130050,NA,NA,88371433
Southeast,2021-03-20,11,31258,4298911,1050,131100,NA,NA,88371433
Southeast,2021-03-21,12,22140,4321051,522,131622,NA,NA,88371433
Southeast,2021-03-22,12,11233,4332284,196,131818,NA,NA,88371433
Southeast,2021-03-23,12,30303,4362587,1303,133121,NA,NA,88371433
Southeast,2021-03-24,12,39275,4401862,761,133882,NA,NA,88371433
Southeast,2021-03-25,12,37877,4439739,916,134798,NA,NA,88371433
Southeast,2021-03-26,12,40438,4480177,1757,136555,NA,NA,88371433
Southeast,2021-03-27,12,34945,4515122,1832,138387,NA,NA,88371433
Southeast,2021-03-28,13,20199,4535321,678,139065,NA,NA,88371433
Southeast,2021-03-29,13,10829,4546150,496,139561,NA,NA,88371433
Southeast,2021-03-30,13,36544,4582694,1715,141276,NA,NA,88371433
Southeast,2021-03-31,13,41081,4623775,1925,143201,NA,NA,88371433
Southeast,2021-04-01,13,44773,4668548,1928,145129,NA,NA,88371433
Southeast,2021-04-02,13,31588,4700136,1456,146585,NA,NA,88371433
Southeast,2021-04-03,13,18511,4718647,967,147552,NA,NA,88371433
Southeast,2021-04-04,14,12228,4730875,481,148033,NA,NA,88371433
Southeast,2021-04-05,14,10088,4740963,291,148324,NA,NA,88371433
Southeast,2021-04-06,14,37457,4778420,1927,150251,NA,NA,88371433
Southeast,2021-04-07,14,42613,4821033,1714,151965,NA,NA,88371433
Southeast,2021-04-08,14,37807,4858840,2243,154208,NA,NA,88371433
Southeast,2021-04-09,14,43603,4902443,1909,156117,NA,NA,88371433
Southeast,2021-04-10,14,34846,4937289,1339,157456,NA,NA,88371433
Southeast,2021-04-11,15,15878,4953167,1052,158508,NA,NA,88371433
Southeast,2021-04-12,15,10007,4963174,335,158843,NA,NA,88371433
Southeast,2021-04-13,15,31738,4994912,1790,160633,NA,NA,88371433
Southeast,2021-04-14,15,36211,5031123,1975,162608,NA,NA,88371433
Southeast,2021-04-15,15,34498,5065621,1967,164575,NA,NA,88371433
Southeast,2021-04-16,15,34324,5099945,1586,166161,NA,NA,88371433
Southeast,2021-04-17,15,28530,5128475,1626,167787,NA,NA,88371433
Southeast,2021-04-18,16,17526,5146001,848,168635,NA,NA,88371433
Southeast,2021-04-19,16,8442,5154443,472,169107,NA,NA,88371433
Southeast,2021-04-20,16,29978,5184421,1689,170796,NA,NA,88371433
Southeast,2021-04-21,16,34787,5219208,1848,172644,NA,NA,88371433
Southeast,2021-04-22,16,17107,5236315,914,173558,NA,NA,88371433
Southeast,2021-04-23,16,29482,5265797,1322,174880,NA,NA,88371433
Southeast,2021-04-24,16,31562,5297359,1636,176516,NA,NA,88371433
Southeast,2021-04-25,17,12342,5309701,568,177084,NA,NA,88371433
Southeast,2021-04-26,17,7229,5316930,290,177374,NA,NA,88371433
Southeast,2021-04-27,17,29265,5346195,1562,178936,NA,NA,88371433
Southeast,2021-04-28,17,36224,5382419,1714,180650,NA,NA,88371433
Southeast,2021-04-29,17,29928,5412347,1701,182351,NA,NA,88371433
Southeast,2021-04-30,17,29654,5442001,1462,183813,NA,NA,88371433
Southeast,2021-05-01,17,25914,5467915,1319,185132,NA,NA,88371433
Southeast,2021-05-02,18,11852,5479767,601,185733,NA,NA,88371433
Southeast,2021-05-03,18,7038,5486805,262,185995,NA,NA,88371433
Southeast,2021-05-04,18,28916,5515721,1332,187327,NA,NA,88371433
Southeast,2021-05-05,18,32617,5548338,1524,188851,NA,NA,88371433
Southeast,2021-05-06,18,32911,5581249,1418,190269,NA,NA,88371433
Southeast,2021-05-07,18,32232,5613481,1146,191415,NA,NA,88371433
Southeast,2021-05-08,18,26987,5640468,1221,192636,NA,NA,88371433
Southeast,2021-05-09,19,12523,5652991,470,193106,NA,NA,88371433
Southeast,2021-05-10,19,6277,5659268,205,193311,NA,NA,88371433
Southeast,2021-05-11,19,30337,5689605,1250,194561,NA,NA,88371433
Southeast,2021-05-12,19,32434,5722039,1404,195965,NA,NA,88371433
Southeast,2021-05-13,19,32450,5754489,1184,197149,NA,NA,88371433
Southeast,2021-05-14,19,34121,5788610,1199,198348,NA,NA,88371433
Southeast,2021-05-15,19,29478,5818088,1059,199407,NA,NA,88371433
Southeast,2021-05-16,20,13264,5831352,523,199930,NA,NA,88371433
Southeast,2021-05-17,20,9577,5840929,205,200135,NA,NA,88371433
Southeast,2021-05-18,20,30396,5871325,1226,201361,NA,NA,88371433
Southeast,2021-05-19,20,33013,5904338,1422,202783,NA,NA,88371433
Southeast,2021-05-20,20,34578,5938916,1322,204105,NA,NA,88371433
Southeast,2021-05-21,20,31970,5970886,1170,205275,NA,NA,88371433
Southeast,2021-05-22,20,30244,6001130,1029,206304,NA,NA,88371433
Southeast,2021-05-23,21,13757,6014887,423,206727,NA,NA,88371433
Southeast,2021-05-24,21,12367,6027254,204,206931,NA,NA,88371433
Southeast,2021-05-25,21,29624,6056878,1107,208038,NA,NA,88371433
Southeast,2021-05-26,21,33468,6090346,1291,209329,NA,NA,88371433
Southeast,2021-05-27,21,27304,6117650,1113,210442,NA,NA,88371433
Southeast,2021-05-28,21,13604,6131254,1220,211662,NA,NA,88371433
Southeast,2021-05-29,21,26784,6158038,986,212648,NA,NA,88371433
Southeast,2021-05-30,22,22118,6180156,406,213054,NA,NA,88371433
Southeast,2021-05-31,22,11168,6191324,191,213245,NA,NA,88371433
Southeast,2021-06-01,22,32615,6223939,1191,214436,NA,NA,88371433
Southeast,2021-06-02,22,45474,6269413,1338,215774,NA,NA,88371433
Southeast,2021-06-03,22,35752,6305165,752,216526,NA,NA,88371433
Southeast,2021-06-04,22,12189,6317354,701,217227,NA,NA,88371433
Southeast,2021-06-05,22,26787,6344141,896,218123,NA,NA,88371433
Southeast,2021-06-06,23,16606,6360747,380,218503,NA,NA,88371433
Southeast,2021-06-07,23,8569,6369316,248,218751,NA,NA,88371433
Southeast,2021-06-08,23,22914,6392230,1183,219934,NA,NA,88371433
Southeast,2021-06-09,23,24831,6417061,1185,221119,NA,NA,88371433
Southeast,2021-06-10,23,39275,6456336,1351,222470,NA,NA,88371433
Southeast,2021-06-11,23,39692,6496028,1221,223691,NA,NA,88371433
Southeast,2021-06-12,23,35081,6531109,1124,224815,NA,NA,88371433
Southeast,2021-06-13,24,15156,6546265,571,225386,NA,NA,88371433
Southeast,2021-06-14,24,12035,6558300,169,225555,NA,NA,88371433
Southeast,2021-06-15,24,38576,6596876,1196,226751,NA,NA,88371433
Southeast,2021-06-16,24,39494,6636370,1407,228158,NA,NA,88371433
Southeast,2021-06-17,24,30207,6666577,1162,229320,NA,NA,88371433
Southeast,2021-06-18,24,41843,6708420,1168,230488,NA,NA,88371433
Southeast,2021-06-19,24,36345,6744765,1229,231717,NA,NA,88371433
Southeast,2021-06-20,25,15780,6760545,509,232226,NA,NA,88371433
Southeast,2021-06-21,25,8135,6768680,182,232408,NA,NA,88371433
Southeast,2021-06-22,25,36113,6804793,1094,233502,NA,NA,88371433
Southeast,2021-06-23,25,35732,6840525,1370,234872,NA,NA,88371433
Southeast,2021-06-24,25,31322,6871847,1194,236066,NA,NA,88371433
Southeast,2021-06-25,25,34170,6906017,1203,237269,NA,NA,88371433
Southeast,2021-06-26,25,29986,6936003,924,238193,NA,NA,88371433
Southeast,2021-06-27,26,13011,6949014,343,238536,NA,NA,88371433
Southeast,2021-06-28,26,9549,6958563,137,238673,NA,NA,88371433
Southeast,2021-06-29,26,30274,6988837,1024,239697,NA,NA,88371433
Southeast,2021-06-30,26,18331,7007168,1171,240868,NA,NA,88371433
Midwest,2021-07-01,26,6259,1896977,151,48610,NA,NA,16297074
Midwest,2021-07-02,26,5527,1902504,135,48745,NA,NA,16297074
Midwest,2021-07-03,26,3183,1905687,129,48874,NA,NA,16297074
Midwest,2021-07-04,27,2155,1907842,90,48964,NA,NA,16297074
Midwest,2021-07-05,27,3031,1910873,92,49056,NA,NA,16297074
Midwest,2021-07-06,27,5746,1916619,151,49207,NA,NA,16297074
Midwest,2021-07-07,27,5103,1921722,119,49326,NA,NA,16297074
Midwest,2021-07-08,27,5434,1927156,66,49392,NA,NA,16297074
Midwest,2021-07-09,27,5541,1932697,132,49524,NA,NA,16297074
Midwest,2021-07-10,27,4999,1937696,156,49680,NA,NA,16297074
Midwest,2021-07-11,28,1756,1939452,48,49728,NA,NA,16297074
Midwest,2021-07-12,28,2754,1942206,61,49789,NA,NA,16297074
Midwest,2021-07-13,28,6048,1948254,143,49932,NA,NA,16297074
Midwest,2021-07-14,28,6339,1954593,111,50043,NA,NA,16297074
Midwest,2021-07-15,28,5303,1959896,121,50164,NA,NA,16297074
Midwest,2021-07-16,28,5600,1965496,133,50297,NA,NA,16297074
Midwest,2021-07-17,28,3326,1968822,104,50401,NA,NA,16297074
Midwest,2021-07-18,29,1613,1970435,73,50474,NA,NA,16297074
Midwest,2021-07-19,29,2407,1972842,80,50554,NA,NA,16297074
Midwest,2021-07-20,29,4673,1977515,168,50722,NA,NA,16297074
Midwest,2021-07-21,29,6932,1984447,136,50858,NA,NA,16297074
Midwest,2021-07-22,29,6179,1990626,126,50984,NA,NA,16297074
Midwest,2021-07-23,29,6309,1996935,132,51116,NA,NA,16297074
Midwest,2021-07-24,29,4731,2001666,84,51200,NA,NA,16297074
Midwest,2021-07-25,30,1831,2003497,64,51264,NA,NA,16297074
Midwest,2021-07-26,30,3175,2006672,80,51344,NA,NA,16297074
Midwest,2021-07-27,30,5488,2012160,128,51472,NA,NA,16297074
Midwest,2021-07-28,30,7611,2019771,131,51603,NA,NA,16297074
Midwest,2021-07-29,30,6716,2026487,114,51717,NA,NA,16297074
Midwest,2021-07-30,30,5668,2032155,97,51814,NA,NA,16297074
Midwest,2021-07-31,30,3837,2035992,57,51871,NA,NA,16297074
Midwest,2021-08-01,31,1725,2037717,89,51960,NA,NA,16297074
Midwest,2021-08-02,31,2912,2040629,77,52037,NA,NA,16297074
Midwest,2021-08-03,31,6449,2047078,225,52262,NA,NA,16297074
Midwest,2021-08-04,31,5767,2052845,171,52433,NA,NA,16297074
Midwest,2021-08-05,31,6110,2058955,115,52548,NA,NA,16297074
Midwest,2021-08-06,31,5211,2064166,162,52710,NA,NA,16297074
Midwest,2021-08-07,31,4813,2068979,90,52800,NA,NA,16297074
Midwest,2021-08-08,32,1256,2070235,53,52853,NA,NA,16297074
Midwest,2021-08-09,32,3660,2073895,74,52927,NA,NA,16297074
Midwest,2021-08-10,32,6030,2079925,143,53070,NA,NA,16297074
Midwest,2021-08-11,32,2477,2082402,65,53135,NA,NA,16297074
Midwest,2021-08-12,32,9064,2091466,243,53378,NA,NA,16297074
Midwest,2021-08-13,32,5504,2096970,139,53517,NA,NA,16297074
Midwest,2021-08-14,32,3591,2100561,107,53624,NA,NA,16297074
Midwest,2021-08-15,33,1830,2102391,52,53676,NA,NA,16297074
Midwest,2021-08-16,33,3685,2106076,65,53741,NA,NA,16297074
Midwest,2021-08-17,33,6793,2112869,142,53883,NA,NA,16297074
Midwest,2021-08-18,33,6342,2119211,117,54000,NA,NA,16297074
Midwest,2021-08-19,33,6165,2125376,112,54112,NA,NA,16297074
Midwest,2021-08-20,33,5115,2130491,95,54207,NA,NA,16297074
Midwest,2021-08-21,33,3814,2134305,94,54301,NA,NA,16297074
Midwest,2021-08-22,34,1625,2135930,55,54356,NA,NA,16297074
Midwest,2021-08-23,34,3810,2139740,61,54417,NA,NA,16297074
Midwest,2021-08-24,34,5155,2144895,135,54552,NA,NA,16297074
Midwest,2021-08-25,34,5553,2150448,115,54667,NA,NA,16297074
Midwest,2021-08-26,34,4555,2155003,92,54759,NA,NA,16297074
Midwest,2021-08-27,34,4356,2159359,67,54826,NA,NA,16297074
Midwest,2021-08-28,34,3072,2162431,62,54888,NA,NA,16297074
Midwest,2021-08-29,35,2846,2165277,48,54936,NA,NA,16297074
Midwest,2021-08-30,35,2760,2168037,47,54983,NA,NA,16297074
Midwest,2021-08-31,35,4511,2172548,107,55090,NA,NA,16297074
Midwest,2021-09-01,35,6595,2179143,111,55201,NA,NA,16297074
Midwest,2021-09-02,35,4958,2184101,87,55288,NA,NA,16297074
Midwest,2021-09-03,35,4585,2188686,93,55381,NA,NA,16297074
Midwest,2021-09-04,35,3087,2191773,83,55464,NA,NA,16297074
Midwest,2021-09-05,36,1669,2193442,43,55507,NA,NA,16297074
Midwest,2021-09-06,36,1887,2195329,41,55548,NA,NA,16297074
Midwest,2021-09-07,36,2282,2197611,70,55618,NA,NA,16297074
Midwest,2021-09-08,36,1979,2199590,40,55658,NA,NA,16297074
Midwest,2021-09-09,36,2562,2202152,117,55775,NA,NA,16297074
Midwest,2021-09-10,36,3879,2206031,118,55893,NA,NA,16297074
Midwest,2021-09-11,36,3869,2209900,70,55963,NA,NA,16297074
Midwest,2021-09-12,37,1293,2211193,25,55988,NA,NA,16297074
Midwest,2021-09-13,37,2117,2213310,35,56023,NA,NA,16297074
Midwest,2021-09-14,37,3754,2217064,85,56108,NA,NA,16297074
Midwest,2021-09-15,37,3045,2220109,66,56174,NA,NA,16297074
Midwest,2021-09-16,37,2519,2222628,64,56238,NA,NA,16297074
Midwest,2021-09-17,37,2495,2225123,62,56300,NA,NA,16297074
Midwest,2021-09-18,37,3367,2228490,69,56369,NA,NA,16297074
Midwest,2021-09-19,38,1663,2230153,20,56389,NA,NA,16297074
Midwest,2021-09-20,38,2348,2232501,40,56429,NA,NA,16297074
Midwest,2021-09-21,38,3117,2235618,90,56519,NA,NA,16297074
Midwest,2021-09-22,38,4647,2240265,84,56603,NA,NA,16297074
Midwest,2021-09-23,38,3678,2243943,65,56668,NA,NA,16297074
Midwest,2021-09-24,38,4240,2248183,86,56754,NA,NA,16297074
Midwest,2021-09-25,38,3117,2251300,34,56788,NA,NA,16297074
Midwest,2021-09-26,39,1183,2252483,27,56815,NA,NA,16297074
Midwest,2021-09-27,39,3558,2256041,48,56863,NA,NA,16297074
Midwest,2021-09-28,39,2730,2258771,94,56957,NA,NA,16297074
Midwest,2021-09-29,39,3761,2262532,62,57019,NA,NA,16297074
Midwest,2021-09-30,39,3143,2265675,56,57075,NA,NA,16297074
Midwest,2021-10-01,39,3090,2268765,70,57145,NA,NA,16297074
Midwest,2021-10-02,39,1358,2270123,19,57164,NA,NA,16297074
Midwest,2021-10-03,40,2781,2272904,43,57207,NA,NA,16297074
Midwest,2021-10-04,40,3336,2276240,28,57235,NA,NA,16297074
Midwest,2021-10-05,40,5090,2281330,94,57329,NA,NA,16297074
Midwest,2021-10-06,40,4239,2285569,45,57374,NA,NA,16297074
Midwest,2021-10-07,40,4636,2290205,77,57451,NA,NA,16297074
Midwest,2021-10-08,40,3488,2293693,40,57491,NA,NA,16297074
Midwest,2021-10-09,40,2467,2296160,13,57504,NA,NA,16297074
Midwest,2021-10-10,41,1865,2298025,51,57555,NA,NA,16297074
Midwest,2021-10-11,41,1588,2299613,64,57619,NA,NA,16297074
Midwest,2021-10-12,41,1021,2300634,32,57651,NA,NA,16297074
Midwest,2021-10-13,41,2820,2303454,47,57698,NA,NA,16297074
Midwest,2021-10-14,41,2431,2305885,61,57759,NA,NA,16297074
Midwest,2021-10-15,41,2941,2308826,91,57850,NA,NA,16297074
Midwest,2021-10-16,41,1534,2310360,36,57886,NA,NA,16297074
Midwest,2021-10-17,42,620,2310980,14,57900,NA,NA,16297074
Midwest,2021-10-18,42,1814,2312794,41,57941,NA,NA,16297074
Midwest,2021-10-19,42,2675,2315469,43,57984,NA,NA,16297074
Midwest,2021-10-20,42,3410,2318879,28,58012,NA,NA,16297074
Midwest,2021-10-21,42,3493,2322372,53,58065,NA,NA,16297074
Midwest,2021-10-22,42,2730,2325102,29,58094,NA,NA,16297074
Midwest,2021-10-23,42,1476,2326578,46,58140,NA,NA,16297074
Midwest,2021-10-24,43,371,2326949,8,58148,NA,NA,16297074
Midwest,2021-10-25,43,1224,2328173,33,58181,NA,NA,16297074
Midwest,2021-10-26,43,3188,2331361,81,58262,NA,NA,16297074
Midwest,2021-10-27,43,2340,2333701,23,58285,NA,NA,16297074
Midwest,2021-10-28,43,2776,2336477,47,58332,NA,NA,16297074
Midwest,2021-10-29,43,2117,2338594,40,58372,NA,NA,16297074
Midwest,2021-10-30,43,920,2339514,16,58388,NA,NA,16297074
Midwest,2021-10-31,44,554,2340068,14,58402,NA,NA,16297074
Midwest,2021-11-01,44,364,2340432,11,58413,NA,NA,16297074
Midwest,2021-11-02,44,591,2341023,12,58425,NA,NA,16297074
Midwest,2021-11-03,44,1469,2342492,28,58453,NA,NA,16297074
Midwest,2021-11-04,44,1902,2344394,62,58515,NA,NA,16297074
Midwest,2021-11-05,44,1060,2345454,41,58556,NA,NA,16297074
Midwest,2021-11-06,44,838,2346292,21,58577,NA,NA,16297074
Midwest,2021-11-07,45,202,2346494,0,58577,NA,NA,16297074
Midwest,2021-11-08,45,1342,2347836,16,58593,NA,NA,16297074
Midwest,2021-11-09,45,1577,2349413,14,58607,NA,NA,16297074
Midwest,2021-11-10,45,1892,2351305,14,58621,NA,NA,16297074
Midwest,2021-11-11,45,1144,2352449,9,58630,NA,NA,16297074
Midwest,2021-11-12,45,5324,2357773,80,58710,NA,NA,16297074
Midwest,2021-11-13,45,2023,2359796,16,58726,NA,NA,16297074
Midwest,2021-11-14,46,60,2359856,-1,58725,NA,NA,16297074
Midwest,2021-11-15,46,513,2360369,2,58727,NA,NA,16297074
Midwest,2021-11-16,46,1702,2362071,36,58763,NA,NA,16297074
Midwest,2021-11-17,46,1962,2364033,24,58787,NA,NA,16297074
Midwest,2021-11-18,46,2790,2366823,18,58805,NA,NA,16297074
Midwest,2021-11-19,46,1760,2368583,7,58812,NA,NA,16297074
Midwest,2021-11-20,46,470,2369053,3,58815,NA,NA,16297074
Midwest,2021-11-21,47,57,2369110,0,58815,NA,NA,16297074
Midwest,2021-11-22,47,599,2369709,33,58848,NA,NA,16297074
Midwest,2021-11-23,47,1177,2370886,24,58872,NA,NA,16297074
Midwest,2021-11-24,47,2806,2373692,23,58895,NA,NA,16297074
Midwest,2021-11-25,47,2328,2376020,22,58917,NA,NA,16297074
Midwest,2021-11-26,47,2770,2378790,25,58942,NA,NA,16297074
Midwest,2021-11-27,47,1072,2379862,13,58955,NA,NA,16297074
Midwest,2021-11-28,48,33,2379895,0,58955,NA,NA,16297074
Midwest,2021-11-29,48,789,2380684,17,58972,NA,NA,16297074
Midwest,2021-11-30,48,750,2381434,11,58983,NA,NA,16297074
Midwest,2021-12-01,48,1721,2383155,32,59015,NA,NA,16297074
Midwest,2021-12-02,48,2275,2385430,12,59027,NA,NA,16297074
Midwest,2021-12-03,48,1073,2386503,17,59044,NA,NA,16297074
Midwest,2021-12-04,48,710,2387213,17,59061,NA,NA,16297074
Midwest,2021-12-05,49,142,2387355,1,59062,NA,NA,16297074
Midwest,2021-12-06,49,684,2388039,8,59070,NA,NA,16297074
Midwest,2021-12-07,49,1519,2389558,16,59086,NA,NA,16297074
Midwest,2021-12-08,49,789,2390347,10,59096,NA,NA,16297074
Midwest,2021-12-09,49,899,2391246,19,59115,NA,NA,16297074
Midwest,2021-12-10,49,759,2392005,12,59127,NA,NA,16297074
Midwest,2021-12-11,49,0,2392005,0,59127,NA,NA,16297074
Midwest,2021-12-12,50,0,2392005,0,59127,NA,NA,16297074
Midwest,2021-12-13,50,281,2392286,13,59140,NA,NA,16297074
Midwest,2021-12-14,50,248,2392534,6,59146,NA,NA,16297074
Midwest,2021-12-15,50,247,2392781,5,59151,NA,NA,16297074
Midwest,2021-12-16,50,180,2392961,5,59156,NA,NA,16297074
Midwest,2021-12-17,50,185,2393146,12,59168,NA,NA,16297074
Midwest,2021-12-18,50,0,2393146,0,59168,NA,NA,16297074
Midwest,2021-12-19,51,0,2393146,0,59168,NA,NA,16297074
Midwest,2021-12-20,51,251,2393397,6,59174,NA,NA,16297074
Midwest,2021-12-21,51,237,2393634,5,59179,NA,NA,16297074
Midwest,2021-12-22,51,250,2393884,3,59182,NA,NA,16297074
Midwest,2021-12-23,51,368,2394252,16,59198,NA,NA,16297074
Midwest,2021-12-24,51,1598,2395850,52,59250,NA,NA,16297074
Midwest,2021-12-25,51,285,2396135,2,59252,NA,NA,16297074
Midwest,2021-12-26,52,0,2396135,0,59252,NA,NA,16297074
Midwest,2021-12-27,52,1505,2397640,17,59269,NA,NA,16297074
Midwest,2021-12-28,52,1115,2398755,17,59286,NA,NA,16297074
Midwest,2021-12-29,52,1352,2400107,11,59297,NA,NA,16297074
Midwest,2021-12-30,52,964,2401071,13,59310,NA,NA,16297074
Midwest,2021-12-31,52,701,2401772,1,59311,NA,NA,16297074
North,2021-07-01,26,4328,1719474,64,43513,NA,NA,18430980
North,2021-07-02,26,3213,1722687,99,43612,NA,NA,18430980
North,2021-07-03,26,3272,1725959,67,43679,NA,NA,18430980
North,2021-07-04,27,941,1726900,24,43703,NA,NA,18430980
North,2021-07-05,27,3293,1730193,73,43776,NA,NA,18430980
North,2021-07-06,27,2622,1732815,69,43845,NA,NA,18430980
North,2021-07-07,27,1934,1734749,61,43906,NA,NA,18430980
North,2021-07-08,27,3549,1738298,54,43960,NA,NA,18430980
North,2021-07-09,27,3199,1741497,64,44024,NA,NA,18430980
North,2021-07-10,27,2437,1743934,47,44071,NA,NA,18430980
North,2021-07-11,28,949,1744883,30,44101,NA,NA,18430980
North,2021-07-12,28,1042,1745925,39,44140,NA,NA,18430980
North,2021-07-13,28,2061,1747986,46,44186,NA,NA,18430980
North,2021-07-14,28,3155,1751141,70,44256,NA,NA,18430980
North,2021-07-15,28,2689,1753830,50,44306,NA,NA,18430980
North,2021-07-16,28,3262,1757092,60,44366,NA,NA,18430980
North,2021-07-17,28,2345,1759437,42,44408,NA,NA,18430980
North,2021-07-18,29,1074,1760511,31,44439,NA,NA,18430980
North,2021-07-19,29,851,1761362,28,44467,NA,NA,18430980
North,2021-07-20,29,2412,1763774,49,44516,NA,NA,18430980
North,2021-07-21,29,2344,1766118,72,44588,NA,NA,18430980
North,2021-07-22,29,2545,1768663,61,44649,NA,NA,18430980
North,2021-07-23,29,2211,1770874,56,44705,NA,NA,18430980
North,2021-07-24,29,1734,1772608,41,44746,NA,NA,18430980
North,2021-07-25,30,1059,1773667,20,44766,NA,NA,18430980
North,2021-07-26,30,1002,1774669,23,44789,NA,NA,18430980
North,2021-07-27,30,2440,1777109,31,44820,NA,NA,18430980
North,2021-07-28,30,2286,1779395,58,44878,NA,NA,18430980
North,2021-07-29,30,2478,1781873,58,44936,NA,NA,18430980
North,2021-07-30,30,2224,1784097,49,44985,NA,NA,18430980
North,2021-07-31,30,1455,1785552,31,45016,NA,NA,18430980
North,2021-08-01,31,734,1786286,27,45043,NA,NA,18430980
North,2021-08-02,31,887,1787173,29,45072,NA,NA,18430980
North,2021-08-03,31,1683,1788856,36,45108,NA,NA,18430980
North,2021-08-04,31,2309,1791165,50,45158,NA,NA,18430980
North,2021-08-05,31,1970,1793135,83,45241,NA,NA,18430980
North,2021-08-06,31,2111,1795246,46,45287,NA,NA,18430980
North,2021-08-07,31,1676,1796922,19,45306,NA,NA,18430980
North,2021-08-08,32,561,1797483,23,45329,NA,NA,18430980
North,2021-08-09,32,814,1798297,27,45356,NA,NA,18430980
North,2021-08-10,32,1676,1799973,44,45400,NA,NA,18430980
North,2021-08-11,32,1320,1801293,47,45447,NA,NA,18430980
North,2021-08-12,32,1674,1802967,56,45503,NA,NA,18430980
North,2021-08-13,32,1580,1804547,31,45534,NA,NA,18430980
North,2021-08-14,32,1144,1805691,31,45565,NA,NA,18430980
North,2021-08-15,33,541,1806232,26,45591,NA,NA,18430980
North,2021-08-16,33,449,1806681,35,45626,NA,NA,18430980
North,2021-08-17,33,1852,1808533,36,45662,NA,NA,18430980
North,2021-08-18,33,1579,1810112,38,45700,NA,NA,18430980
North,2021-08-19,33,1514,1811626,31,45731,NA,NA,18430980
North,2021-08-20,33,1554,1813180,32,45763,NA,NA,18430980
North,2021-08-21,33,1308,1814488,19,45782,NA,NA,18430980
North,2021-08-22,34,598,1815086,13,45795,NA,NA,18430980
North,2021-08-23,34,577,1815663,30,45825,NA,NA,18430980
North,2021-08-24,34,1192,1816855,38,45863,NA,NA,18430980
North,2021-08-25,34,1447,1818302,39,45902,NA,NA,18430980
North,2021-08-26,34,1565,1819867,28,45930,NA,NA,18430980
North,2021-08-27,34,1114,1820981,21,45951,NA,NA,18430980
North,2021-08-28,34,1275,1822256,18,45969,NA,NA,18430980
North,2021-08-29,35,398,1822654,7,45976,NA,NA,18430980
North,2021-08-30,35,452,1823106,11,45987,NA,NA,18430980
North,2021-08-31,35,1164,1824270,23,46010,NA,NA,18430980
North,2021-09-01,35,1389,1825659,20,46030,NA,NA,18430980
North,2021-09-02,35,1042,1826701,29,46059,NA,NA,18430980
North,2021-09-03,35,1146,1827847,28,46087,NA,NA,18430980
North,2021-09-04,35,673,1828520,19,46106,NA,NA,18430980
North,2021-09-05,36,426,1828946,7,46113,NA,NA,18430980
North,2021-09-06,36,299,1829245,9,46122,NA,NA,18430980
North,2021-09-07,36,414,1829659,12,46134,NA,NA,18430980
North,2021-09-08,36,207,1829866,14,46148,NA,NA,18430980
North,2021-09-09,36,574,1830440,7,46155,NA,NA,18430980
North,2021-09-10,36,670,1831110,11,46166,NA,NA,18430980
North,2021-09-11,36,788,1831898,19,46185,NA,NA,18430980
North,2021-09-12,37,2654,1834552,11,46196,NA,NA,18430980
North,2021-09-13,37,288,1834840,11,46207,NA,NA,18430980
North,2021-09-14,37,841,1835681,21,46228,NA,NA,18430980
North,2021-09-15,37,-261,1835420,30,46258,NA,NA,18430980
North,2021-09-16,37,823,1836243,26,46284,NA,NA,18430980
North,2021-09-17,37,756,1836999,11,46295,NA,NA,18430980
North,2021-09-18,37,545,1837544,14,46309,NA,NA,18430980
North,2021-09-19,38,257,1837801,11,46320,NA,NA,18430980
North,2021-09-20,38,251,1838052,9,46329,NA,NA,18430980
North,2021-09-21,38,799,1838851,40,46369,NA,NA,18430980
North,2021-09-22,38,1025,1839876,30,46399,NA,NA,18430980
North,2021-09-23,38,648,1840524,14,46413,NA,NA,18430980
North,2021-09-24,38,747,1841271,19,46432,NA,NA,18430980
North,2021-09-25,38,809,1842080,15,46447,NA,NA,18430980
North,2021-09-26,39,247,1842327,11,46458,NA,NA,18430980
North,2021-09-27,39,231,1842558,8,46466,NA,NA,18430980
North,2021-09-28,39,937,1843495,17,46483,NA,NA,18430980
North,2021-09-29,39,952,1844447,15,46498,NA,NA,18430980
North,2021-09-30,39,617,1845064,19,46517,NA,NA,18430980
North,2021-10-01,39,576,1845640,10,46527,NA,NA,18430980
North,2021-10-02,39,475,1846115,8,46535,NA,NA,18430980
North,2021-10-03,40,84,1846199,4,46539,NA,NA,18430980
North,2021-10-04,40,155,1846354,7,46546,NA,NA,18430980
North,2021-10-05,40,614,1846968,9,46555,NA,NA,18430980
North,2021-10-06,40,770,1847738,21,46576,NA,NA,18430980
North,2021-10-07,40,1049,1848787,20,46596,NA,NA,18430980
North,2021-10-08,40,858,1849645,14,46610,NA,NA,18430980
North,2021-10-09,40,552,1850197,7,46617,NA,NA,18430980
North,2021-10-10,41,132,1850329,3,46620,NA,NA,18430980
North,2021-10-11,41,408,1850737,7,46627,NA,NA,18430980
North,2021-10-12,41,392,1851129,10,46637,NA,NA,18430980
North,2021-10-13,41,437,1851566,5,46642,NA,NA,18430980
North,2021-10-14,41,847,1852413,11,46653,NA,NA,18430980
North,2021-10-15,41,891,1853304,26,46679,NA,NA,18430980
North,2021-10-16,41,766,1854070,11,46690,NA,NA,18430980
North,2021-10-17,42,77,1854147,5,46695,NA,NA,18430980
North,2021-10-18,42,341,1854488,6,46701,NA,NA,18430980
North,2021-10-19,42,1633,1856121,14,46715,NA,NA,18430980
North,2021-10-20,42,889,1857010,14,46729,NA,NA,18430980
North,2021-10-21,42,897,1857907,18,46747,NA,NA,18430980
North,2021-10-22,42,857,1858764,11,46758,NA,NA,18430980
North,2021-10-23,42,785,1859549,15,46773,NA,NA,18430980
North,2021-10-24,43,199,1859748,5,46778,NA,NA,18430980
North,2021-10-25,43,354,1860102,8,46786,NA,NA,18430980
North,2021-10-26,43,925,1861027,9,46795,NA,NA,18430980
North,2021-10-27,43,896,1861923,7,46802,NA,NA,18430980
North,2021-10-28,43,917,1862840,9,46811,NA,NA,18430980
North,2021-10-29,43,607,1863447,6,46817,NA,NA,18430980
North,2021-10-30,43,585,1864032,8,46825,NA,NA,18430980
North,2021-10-31,44,275,1864307,2,46827,NA,NA,18430980
North,2021-11-01,44,195,1864502,6,46833,NA,NA,18430980
North,2021-11-02,44,492,1864994,5,46838,NA,NA,18430980
North,2021-11-03,44,382,1865376,6,46844,NA,NA,18430980
North,2021-11-04,44,1010,1866386,11,46855,NA,NA,18430980
North,2021-11-05,44,1361,1867747,9,46864,NA,NA,18430980
North,2021-11-06,44,869,1868616,6,46870,NA,NA,18430980
North,2021-11-07,45,285,1868901,4,46874,NA,NA,18430980
North,2021-11-08,45,404,1869305,6,46880,NA,NA,18430980
North,2021-11-09,45,1034,1870339,9,46889,NA,NA,18430980
North,2021-11-10,45,1138,1871477,12,46901,NA,NA,18430980
North,2021-11-11,45,1037,1872514,16,46917,NA,NA,18430980
North,2021-11-12,45,990,1873504,12,46929,NA,NA,18430980
North,2021-11-13,45,735,1874239,13,46942,NA,NA,18430980
North,2021-11-14,46,355,1874594,3,46945,NA,NA,18430980
North,2021-11-15,46,198,1874792,7,46952,NA,NA,18430980
North,2021-11-16,46,425,1875217,9,46961,NA,NA,18430980
North,2021-11-17,46,1330,1876547,19,46980,NA,NA,18430980
North,2021-11-18,46,1272,1877819,25,47005,NA,NA,18430980
North,2021-11-19,46,1198,1879017,11,47016,NA,NA,18430980
North,2021-11-20,46,1050,1880067,15,47031,NA,NA,18430980
North,2021-11-21,47,239,1880306,8,47039,NA,NA,18430980
North,2021-11-22,47,437,1880743,19,47058,NA,NA,18430980
North,2021-11-23,47,1499,1882242,16,47074,NA,NA,18430980
North,2021-11-24,47,1435,1883677,17,47091,NA,NA,18430980
North,2021-11-25,47,1547,1885224,22,47113,NA,NA,18430980
North,2021-11-26,47,1300,1886524,7,47120,NA,NA,18430980
North,2021-11-27,47,1254,1887778,12,47132,NA,NA,18430980
North,2021-11-28,48,368,1888146,5,47137,NA,NA,18430980
North,2021-11-29,48,390,1888536,7,47144,NA,NA,18430980
North,2021-11-30,48,1297,1889833,18,47162,NA,NA,18430980
North,2021-12-01,48,1127,1890960,18,47180,NA,NA,18430980
North,2021-12-02,48,2151,1893111,27,47207,NA,NA,18430980
North,2021-12-03,48,1689,1894800,12,47219,NA,NA,18430980
North,2021-12-04,48,1336,1896136,12,47231,NA,NA,18430980
North,2021-12-05,49,283,1896419,3,47234,NA,NA,18430980
North,2021-12-06,49,680,1897099,10,47244,NA,NA,18430980
North,2021-12-07,49,1645,1898744,15,47259,NA,NA,18430980
North,2021-12-08,49,1636,1900380,22,47281,NA,NA,18430980
North,2021-12-09,49,1525,1901905,9,47290,NA,NA,18430980
North,2021-12-10,49,1132,1903037,9,47299,NA,NA,18430980
North,2021-12-11,49,990,1904027,3,47302,NA,NA,18430980
North,2021-12-12,50,302,1904329,8,47310,NA,NA,18430980
North,2021-12-13,50,227,1904556,5,47315,NA,NA,18430980
North,2021-12-14,50,1167,1905723,7,47322,NA,NA,18430980
North,2021-12-15,50,2498,1908221,32,47354,NA,NA,18430980
North,2021-12-16,50,1390,1909611,26,47380,NA,NA,18430980
North,2021-12-17,50,1237,1910848,15,47395,NA,NA,18430980
North,2021-12-18,50,1471,1912319,10,47405,NA,NA,18430980
North,2021-12-19,51,341,1912660,2,47407,NA,NA,18430980
North,2021-12-20,51,504,1913164,9,47416,NA,NA,18430980
North,2021-12-21,51,1250,1914414,12,47428,NA,NA,18430980
North,2021-12-22,51,1376,1915790,14,47442,NA,NA,18430980
North,2021-12-23,51,1188,1916978,14,47456,NA,NA,18430980
North,2021-12-24,51,961,1917939,5,47461,NA,NA,18430980
North,2021-12-25,51,269,1918208,6,47467,NA,NA,18430980
North,2021-12-26,52,125,1918333,9,47476,NA,NA,18430980
North,2021-12-27,52,300,1918633,8,47484,NA,NA,18430980
North,2021-12-28,52,1788,1920421,23,47507,NA,NA,18430980
North,2021-12-29,52,1488,1921909,21,47528,NA,NA,18430980
North,2021-12-30,52,1008,1922917,14,47542,NA,NA,18430980
North,2021-12-31,52,994,1923911,6,47548,NA,NA,18430980
Northeast,2021-07-01,26,13648,4404977,320,106640,NA,NA,57071654
Northeast,2021-07-02,26,13949,4418926,307,106947,NA,NA,57071654
Northeast,2021-07-03,26,10510,4429436,217,107164,NA,NA,57071654
Northeast,2021-07-04,27,9969,4439405,192,107356,NA,NA,57071654
Northeast,2021-07-05,27,4687,4444092,180,107536,NA,NA,57071654
Northeast,2021-07-06,27,11645,4455737,288,107824,NA,NA,57071654
Northeast,2021-07-07,27,11670,4467407,252,108076,NA,NA,57071654
Northeast,2021-07-08,27,9759,4477166,260,108336,NA,NA,57071654
Northeast,2021-07-09,27,14223,4491389,293,108629,NA,NA,57071654
Northeast,2021-07-10,27,11321,4502710,219,108848,NA,NA,57071654
Northeast,2021-07-11,28,6162,4508872,115,108963,NA,NA,57071654
Northeast,2021-07-12,28,3490,4512362,185,109148,NA,NA,57071654
Northeast,2021-07-13,28,7706,4520068,226,109374,NA,NA,57071654
Northeast,2021-07-14,28,10370,4530438,210,109584,NA,NA,57071654
Northeast,2021-07-15,28,8628,4539066,219,109803,NA,NA,57071654
Northeast,2021-07-16,28,8852,4547918,234,110037,NA,NA,57071654
Northeast,2021-07-17,28,8274,4556192,145,110182,NA,NA,57071654
Northeast,2021-07-18,29,5179,4561371,94,110276,NA,NA,57071654
Northeast,2021-07-19,29,3156,4564527,163,110439,NA,NA,57071654
Northeast,2021-07-20,29,3278,4567805,201,110640,NA,NA,57071654
Northeast,2021-07-21,29,7932,4575737,181,110821,NA,NA,57071654
Northeast,2021-07-22,29,8705,4584442,192,111013,NA,NA,57071654
Northeast,2021-07-23,29,8209,4592651,224,111237,NA,NA,57071654
Northeast,2021-07-24,29,7061,4599712,139,111376,NA,NA,57071654
Northeast,2021-07-25,30,3632,4603344,77,111453,NA,NA,57071654
Northeast,2021-07-26,30,3295,4606639,113,111566,NA,NA,57071654
Northeast,2021-07-27,30,4875,4611514,168,111734,NA,NA,57071654
Northeast,2021-07-28,30,7202,4618716,190,111924,NA,NA,57071654
Northeast,2021-07-29,30,6789,4625505,160,112084,NA,NA,57071654
Northeast,2021-07-30,30,5764,4631269,126,112210,NA,NA,57071654
Northeast,2021-07-31,30,5161,4636430,113,112323,NA,NA,57071654
Northeast,2021-08-01,31,2770,4639200,68,112391,NA,NA,57071654
Northeast,2021-08-02,31,1902,4641102,90,112481,NA,NA,57071654
Northeast,2021-08-03,31,3671,4644773,164,112645,NA,NA,57071654
Northeast,2021-08-04,31,5315,4650088,175,112820,NA,NA,57071654
Northeast,2021-08-05,31,5884,4655972,208,113028,NA,NA,57071654
Northeast,2021-08-06,31,4952,4660924,133,113161,NA,NA,57071654
Northeast,2021-08-07,31,4565,4665489,146,113307,NA,NA,57071654
Northeast,2021-08-08,32,1839,4667328,40,113347,NA,NA,57071654
Northeast,2021-08-09,32,1044,4668372,81,113428,NA,NA,57071654
Northeast,2021-08-10,32,4468,4672840,173,113601,NA,NA,57071654
Northeast,2021-08-11,32,4662,4677502,120,113721,NA,NA,57071654
Northeast,2021-08-12,32,4597,4682099,91,113812,NA,NA,57071654
Northeast,2021-08-13,32,3589,4685688,95,113907,NA,NA,57071654
Northeast,2021-08-14,32,4608,4690296,101,114008,NA,NA,57071654
Northeast,2021-08-15,33,2085,4692381,51,114059,NA,NA,57071654
Northeast,2021-08-16,33,1378,4693759,76,114135,NA,NA,57071654
Northeast,2021-08-17,33,3568,4697327,118,114253,NA,NA,57071654
Northeast,2021-08-18,33,4670,4701997,130,114383,NA,NA,57071654
Northeast,2021-08-19,33,3705,4705702,103,114486,NA,NA,57071654
Northeast,2021-08-20,33,2824,4708526,92,114578,NA,NA,57071654
Northeast,2021-08-21,33,3640,4712166,105,114683,NA,NA,57071654
Northeast,2021-08-22,34,1867,4714033,51,114734,NA,NA,57071654
Northeast,2021-08-23,34,1135,4715168,61,114795,NA,NA,57071654
Northeast,2021-08-24,34,2709,4717877,69,114864,NA,NA,57071654
Northeast,2021-08-25,34,3232,4721109,78,114942,NA,NA,57071654
Northeast,2021-08-26,34,4380,4725489,68,115010,NA,NA,57071654
Northeast,2021-08-27,34,2866,4728355,70,115080,NA,NA,57071654
Northeast,2021-08-28,34,3252,4731607,112,115192,NA,NA,57071654
Northeast,2021-08-29,35,1677,4733284,58,115250,NA,NA,57071654
Northeast,2021-08-30,35,1319,4734603,64,115314,NA,NA,57071654
Northeast,2021-08-31,35,2127,4736730,65,115379,NA,NA,57071654
Northeast,2021-09-01,35,3768,4740498,74,115453,NA,NA,57071654
Northeast,2021-09-02,35,3110,4743608,75,115528,NA,NA,57071654
Northeast,2021-09-03,35,3014,4746622,80,115608,NA,NA,57071654
Northeast,2021-09-04,35,2799,4749421,77,115685,NA,NA,57071654
Northeast,2021-09-05,36,1822,4751243,35,115720,NA,NA,57071654
Northeast,2021-09-06,36,1544,4752787,27,115747,NA,NA,57071654
Northeast,2021-09-07,36,1642,4754429,51,115798,NA,NA,57071654
Northeast,2021-09-08,36,1227,4755656,40,115838,NA,NA,57071654
Northeast,2021-09-09,36,2100,4757756,85,115923,NA,NA,57071654
Northeast,2021-09-10,36,2095,4759851,43,115966,NA,NA,57071654
Northeast,2021-09-11,36,1058,4760909,49,116015,NA,NA,57071654
Northeast,2021-09-12,37,1541,4762450,35,116050,NA,NA,57071654
Northeast,2021-09-13,37,411,4762861,52,116102,NA,NA,57071654
Northeast,2021-09-14,37,1565,4764426,65,116167,NA,NA,57071654
Northeast,2021-09-15,37,2183,4766609,56,116223,NA,NA,57071654
Northeast,2021-09-16,37,1665,4768274,55,116278,NA,NA,57071654
Northeast,2021-09-17,37,1770,4770044,67,116345,NA,NA,57071654
Northeast,2021-09-18,37,4481,4774525,46,116391,NA,NA,57071654
Northeast,2021-09-19,38,1408,4775933,20,116411,NA,NA,57071654
Northeast,2021-09-20,38,663,4776596,38,116449,NA,NA,57071654
Northeast,2021-09-21,38,-11200,4765396,40,116489,NA,NA,57071654
Northeast,2021-09-22,38,2789,4768185,36,116525,NA,NA,57071654
Northeast,2021-09-23,38,1741,4769926,43,116568,NA,NA,57071654
Northeast,2021-09-24,38,2585,4772511,74,116642,NA,NA,57071654
Northeast,2021-09-25,38,1476,4773987,28,116670,NA,NA,57071654
Northeast,2021-09-26,39,886,4774873,27,116697,NA,NA,57071654
Northeast,2021-09-27,39,6124,4780997,49,116746,NA,NA,57071654
Northeast,2021-09-28,39,1392,4782389,40,116786,NA,NA,57071654
Northeast,2021-09-29,39,2164,4784553,37,116823,NA,NA,57071654
Northeast,2021-09-30,39,12609,4797162,53,116876,NA,NA,57071654
Northeast,2021-10-01,39,2064,4799226,38,116914,NA,NA,57071654
Northeast,2021-10-02,39,1701,4800927,30,116944,NA,NA,57071654
Northeast,2021-10-03,40,1069,4801996,31,116975,NA,NA,57071654
Northeast,2021-10-04,40,592,4802588,32,117007,NA,NA,57071654
Northeast,2021-10-05,40,1381,4803969,42,117049,NA,NA,57071654
Northeast,2021-10-06,40,1552,4805521,50,117099,NA,NA,57071654
Northeast,2021-10-07,40,2384,4807905,42,117141,NA,NA,57071654
Northeast,2021-10-08,40,2249,4810154,51,117192,NA,NA,57071654
Northeast,2021-10-09,40,1651,4811805,32,117224,NA,NA,57071654
Northeast,2021-10-10,41,1117,4812922,37,117261,NA,NA,57071654
Northeast,2021-10-11,41,580,4813502,26,117287,NA,NA,57071654
Northeast,2021-10-12,41,748,4814250,38,117325,NA,NA,57071654
Northeast,2021-10-13,41,896,4815146,23,117348,NA,NA,57071654
Northeast,2021-10-14,41,1858,4817004,53,117401,NA,NA,57071654
Northeast,2021-10-15,41,2236,4819240,48,117449,NA,NA,57071654
Northeast,2021-10-16,41,1846,4821086,62,117511,NA,NA,57071654
Northeast,2021-10-17,42,1161,4822247,19,117530,NA,NA,57071654
Northeast,2021-10-18,42,811,4823058,19,117549,NA,NA,57071654
Northeast,2021-10-19,42,1543,4824601,48,117597,NA,NA,57071654
Northeast,2021-10-20,42,1899,4826500,34,117631,NA,NA,57071654
Northeast,2021-10-21,42,2122,4828622,30,117661,NA,NA,57071654
Northeast,2021-10-22,42,2431,4831053,79,117740,NA,NA,57071654
Northeast,2021-10-23,42,2062,4833115,45,117785,NA,NA,57071654
Northeast,2021-10-24,43,1031,4834146,26,117811,NA,NA,57071654
Northeast,2021-10-25,43,663,4834809,28,117839,NA,NA,57071654
Northeast,2021-10-26,43,1443,4836252,43,117882,NA,NA,57071654
Northeast,2021-10-27,43,2387,4838639,48,117930,NA,NA,57071654
Northeast,2021-10-28,43,2564,4841203,50,117980,NA,NA,57071654
Northeast,2021-10-29,43,1997,4843200,32,118012,NA,NA,57071654
Northeast,2021-10-30,43,2166,4845366,34,118046,NA,NA,57071654
Northeast,2021-10-31,44,1567,4846933,23,118069,NA,NA,57071654
Northeast,2021-11-01,44,672,4847605,19,118088,NA,NA,57071654
Northeast,2021-11-02,44,851,4848456,18,118106,NA,NA,57071654
Northeast,2021-11-03,44,9060,4857516,25,118131,NA,NA,57071654
Northeast,2021-11-04,44,1986,4859502,38,118169,NA,NA,57071654
Northeast,2021-11-05,44,2418,4861920,37,118206,NA,NA,57071654
Northeast,2021-11-06,44,2533,4864453,28,118234,NA,NA,57071654
Northeast,2021-11-07,45,1666,4866119,20,118254,NA,NA,57071654
Northeast,2021-11-08,45,801,4866920,25,118279,NA,NA,57071654
Northeast,2021-11-09,45,1774,4868694,31,118310,NA,NA,57071654
Northeast,2021-11-10,45,1913,4870607,56,118366,NA,NA,57071654
Northeast,2021-11-11,45,5876,4876483,33,118399,NA,NA,57071654
Northeast,2021-11-12,45,2566,4879049,31,118430,NA,NA,57071654
Northeast,2021-11-13,45,2375,4881424,43,118473,NA,NA,57071654
Northeast,2021-11-14,46,1178,4882602,19,118492,NA,NA,57071654
Northeast,2021-11-15,46,509,4883111,26,118518,NA,NA,57071654
Northeast,2021-11-16,46,619,4883730,30,118548,NA,NA,57071654
Northeast,2021-11-17,46,2281,4886011,44,118592,NA,NA,57071654
Northeast,2021-11-18,46,2098,4888109,50,118642,NA,NA,57071654
Northeast,2021-11-19,46,2587,4890696,55,118697,NA,NA,57071654
Northeast,2021-11-20,46,1872,4892568,38,118735,NA,NA,57071654
Northeast,2021-11-21,47,1449,4894017,21,118756,NA,NA,57071654
Northeast,2021-11-22,47,95,4894112,43,118799,NA,NA,57071654
Northeast,2021-11-23,47,2099,4896211,47,118846,NA,NA,57071654
Northeast,2021-11-24,47,2257,4898468,34,118880,NA,NA,57071654
Northeast,2021-11-25,47,1650,4900118,49,118929,NA,NA,57071654
Northeast,2021-11-26,47,2658,4902776,30,118959,NA,NA,57071654
Northeast,2021-11-27,47,1871,4904647,30,118989,NA,NA,57071654
Northeast,2021-11-28,48,1077,4905724,26,119015,NA,NA,57071654
Northeast,2021-11-29,48,678,4906402,28,119043,NA,NA,57071654
Northeast,2021-11-30,48,2063,4908465,70,119113,NA,NA,57071654
Northeast,2021-12-01,48,3406,4911871,44,119157,NA,NA,57071654
Northeast,2021-12-02,48,2382,4914253,31,119188,NA,NA,57071654
Northeast,2021-12-03,48,2470,4916723,27,119215,NA,NA,57071654
Northeast,2021-12-04,48,1949,4918672,28,119243,NA,NA,57071654
Northeast,2021-12-05,49,1372,4920044,19,119262,NA,NA,57071654
Northeast,2021-12-06,49,1009,4921053,45,119307,NA,NA,57071654
Northeast,2021-12-07,49,2009,4923062,35,119342,NA,NA,57071654
Northeast,2021-12-08,49,2273,4925335,38,119380,NA,NA,57071654
Northeast,2021-12-09,49,2113,4927448,36,119416,NA,NA,57071654
Northeast,2021-12-10,49,1513,4928961,46,119462,NA,NA,57071654
Northeast,2021-12-11,49,584,4929545,32,119494,NA,NA,57071654
Northeast,2021-12-12,50,135,4929680,10,119504,NA,NA,57071654
Northeast,2021-12-13,50,230,4929910,19,119523,NA,NA,57071654
Northeast,2021-12-14,50,489,4930399,41,119564,NA,NA,57071654
Northeast,2021-12-15,50,635,4931034,35,119599,NA,NA,57071654
Northeast,2021-12-16,50,595,4931629,22,119621,NA,NA,57071654
Northeast,2021-12-17,50,819,4932448,31,119652,NA,NA,57071654
Northeast,2021-12-18,50,673,4933121,33,119685,NA,NA,57071654
Northeast,2021-12-19,51,269,4933390,9,119694,NA,NA,57071654
Northeast,2021-12-20,51,366,4933756,34,119728,NA,NA,57071654
Northeast,2021-12-21,51,550,4934306,30,119758,NA,NA,57071654
Northeast,2021-12-22,51,551,4934857,31,119789,NA,NA,57071654
Northeast,2021-12-23,51,614,4935471,22,119811,NA,NA,57071654
Northeast,2021-12-24,51,391,4935862,27,119838,NA,NA,57071654
Northeast,2021-12-25,51,1963,4937825,17,119855,NA,NA,57071654
Northeast,2021-12-26,52,4309,4942134,11,119866,NA,NA,57071654
Northeast,2021-12-27,52,588,4942722,27,119893,NA,NA,57071654
Northeast,2021-12-28,52,1285,4944007,30,119923,NA,NA,57071654
Northeast,2021-12-29,52,1399,4945406,32,119955,NA,NA,57071654
Northeast,2021-12-30,52,2855,4948261,41,119996,NA,NA,57071654
Northeast,2021-12-31,52,1835,4950096,23,120019,NA,NA,57071654
South,2021-07-01,26,14611,3567391,378,79348,NA,NA,29975984
South,2021-07-02,26,11865,3579256,329,79677,NA,NA,29975984
South,2021-07-03,26,12336,3591592,321,79998,NA,NA,29975984
South,2021-07-04,27,3935,3595527,143,80141,NA,NA,29975984
South,2021-07-05,27,4114,3599641,213,80354,NA,NA,29975984
South,2021-07-06,27,11400,3611041,351,80705,NA,NA,29975984
South,2021-07-07,27,9521,3620562,290,80995,NA,NA,29975984
South,2021-07-08,27,10792,3631354,310,81305,NA,NA,29975984
South,2021-07-09,27,10337,3641691,300,81605,NA,NA,29975984
South,2021-07-10,27,11153,3652844,290,81895,NA,NA,29975984
South,2021-07-11,28,2698,3655542,105,82000,NA,NA,29975984
South,2021-07-12,28,3845,3659387,318,82318,NA,NA,29975984
South,2021-07-13,28,9751,3669138,409,82727,NA,NA,29975984
South,2021-07-14,28,11309,3680447,313,83040,NA,NA,29975984
South,2021-07-15,28,8652,3689099,271,83311,NA,NA,29975984
South,2021-07-16,28,6762,3695861,291,83602,NA,NA,29975984
South,2021-07-17,28,9633,3705494,247,83849,NA,NA,29975984
South,2021-07-18,29,2336,3707830,104,83953,NA,NA,29975984
South,2021-07-19,29,3219,3711049,128,84081,NA,NA,29975984
South,2021-07-20,29,5105,3716154,242,84323,NA,NA,29975984
South,2021-07-21,29,8739,3724893,179,84502,NA,NA,29975984
South,2021-07-22,29,8623,3733516,202,84704,NA,NA,29975984
South,2021-07-23,29,68729,3802245,175,84879,NA,NA,29975984
South,2021-07-24,29,11319,3813564,195,85074,NA,NA,29975984
South,2021-07-25,30,3284,3816848,74,85148,NA,NA,29975984
South,2021-07-26,30,6967,3823815,235,85383,NA,NA,29975984
South,2021-07-27,30,7080,3830895,330,85713,NA,NA,29975984
South,2021-07-28,30,8618,3839513,273,85986,NA,NA,29975984
South,2021-07-29,30,7455,3846968,265,86251,NA,NA,29975984
South,2021-07-30,30,5475,3852443,154,86405,NA,NA,29975984
South,2021-07-31,30,8223,3860666,140,86545,NA,NA,29975984
South,2021-08-01,31,3873,3864539,55,86600,NA,NA,29975984
South,2021-08-02,31,3700,3868239,63,86663,NA,NA,29975984
South,2021-08-03,31,6434,3874673,236,86899,NA,NA,29975984
South,2021-08-04,31,6563,3881236,150,87049,NA,NA,29975984
South,2021-08-05,31,6832,3888068,150,87199,NA,NA,29975984
South,2021-08-06,31,11585,3899653,132,87331,NA,NA,29975984
South,2021-08-07,31,5760,3905413,180,87511,NA,NA,29975984
South,2021-08-08,32,2406,3907819,77,87588,NA,NA,29975984
South,2021-08-09,32,2156,3909975,132,87720,NA,NA,29975984
South,2021-08-10,32,5453,3915428,203,87923,NA,NA,29975984
South,2021-08-11,32,5733,3921161,76,87999,NA,NA,29975984
South,2021-08-12,32,5650,3926811,158,88157,NA,NA,29975984
South,2021-08-13,32,5433,3932244,191,88348,NA,NA,29975984
South,2021-08-14,32,5680,3937924,164,88512,NA,NA,29975984
South,2021-08-15,33,2835,3940759,62,88574,NA,NA,29975984
South,2021-08-16,33,2914,3943673,94,88668,NA,NA,29975984
South,2021-08-17,33,7880,3951553,128,88796,NA,NA,29975984
South,2021-08-18,33,10625,3962178,172,88968,NA,NA,29975984
South,2021-08-19,33,6908,3969086,141,89109,NA,NA,29975984
South,2021-08-20,33,7960,3977046,134,89243,NA,NA,29975984
South,2021-08-21,33,7067,3984113,107,89350,NA,NA,29975984
South,2021-08-22,34,2796,3986909,67,89417,NA,NA,29975984
South,2021-08-23,34,2833,3989742,97,89514,NA,NA,29975984
South,2021-08-24,34,5305,3995047,153,89667,NA,NA,29975984
South,2021-08-25,34,4796,3999843,148,89815,NA,NA,29975984
South,2021-08-26,34,5562,4005405,160,89975,NA,NA,29975984
South,2021-08-27,34,5039,4010444,99,90074,NA,NA,29975984
South,2021-08-28,34,4600,4015044,73,90147,NA,NA,29975984
South,2021-08-29,35,2164,4017208,55,90202,NA,NA,29975984
South,2021-08-30,35,2477,4019685,74,90276,NA,NA,29975984
South,2021-08-31,35,3486,4023171,126,90402,NA,NA,29975984
South,2021-09-01,35,3359,4026530,104,90506,NA,NA,29975984
South,2021-09-02,35,5247,4031777,130,90636,NA,NA,29975984
South,2021-09-03,35,5026,4036803,98,90734,NA,NA,29975984
South,2021-09-04,35,3035,4039838,88,90822,NA,NA,29975984
South,2021-09-05,36,2239,4042077,58,90880,NA,NA,29975984
South,2021-09-06,36,2404,4044481,67,90947,NA,NA,29975984
South,2021-09-07,36,4108,4048589,64,91011,NA,NA,29975984
South,2021-09-08,36,2242,4050831,62,91073,NA,NA,29975984
South,2021-09-09,36,3486,4054317,110,91183,NA,NA,29975984
South,2021-09-10,36,4515,4058832,103,91286,NA,NA,29975984
South,2021-09-11,36,3217,4062049,104,91390,NA,NA,29975984
South,2021-09-12,37,2290,4064339,78,91468,NA,NA,29975984
South,2021-09-13,37,1982,4066321,63,91531,NA,NA,29975984
South,2021-09-14,37,3242,4069563,124,91655,NA,NA,29975984
South,2021-09-15,37,2522,4072085,109,91764,NA,NA,29975984
South,2021-09-16,37,2719,4074804,91,91855,NA,NA,29975984
South,2021-09-17,37,3000,4077804,108,91963,NA,NA,29975984
South,2021-09-18,37,7909,4085713,106,92069,NA,NA,29975984
South,2021-09-19,38,2539,4088252,59,92128,NA,NA,29975984
South,2021-09-20,38,2258,4090510,68,92196,NA,NA,29975984
South,2021-09-21,38,2574,4093084,96,92292,NA,NA,29975984
South,2021-09-22,38,18165,4111249,139,92431,NA,NA,29975984
South,2021-09-23,38,4064,4115313,114,92545,NA,NA,29975984
South,2021-09-24,38,4081,4119394,123,92668,NA,NA,29975984
South,2021-09-25,38,4028,4123422,96,92764,NA,NA,29975984
South,2021-09-26,39,2759,4126181,68,92832,NA,NA,29975984
South,2021-09-27,39,2422,4128603,63,92895,NA,NA,29975984
South,2021-09-28,39,3867,4132470,126,93021,NA,NA,29975984
South,2021-09-29,39,4461,4136931,112,93133,NA,NA,29975984
South,2021-09-30,39,3961,4140892,99,93232,NA,NA,29975984
South,2021-10-01,39,4668,4145560,49,93281,NA,NA,29975984
South,2021-10-02,39,4191,4149751,91,93372,NA,NA,29975984
South,2021-10-03,40,2427,4152178,60,93432,NA,NA,29975984
South,2021-10-04,40,2336,4154514,67,93499,NA,NA,29975984
South,2021-10-05,40,4915,4159429,116,93615,NA,NA,29975984
South,2021-10-06,40,3921,4163350,88,93703,NA,NA,29975984
South,2021-10-07,40,3728,4167078,89,93792,NA,NA,29975984
South,2021-10-08,40,4036,4171114,83,93875,NA,NA,29975984
South,2021-10-09,40,3670,4174784,68,93943,NA,NA,29975984
South,2021-10-10,41,2335,4177119,42,93985,NA,NA,29975984
South,2021-10-11,41,1824,4178943,38,94023,NA,NA,29975984
South,2021-10-12,41,3124,4182067,39,94062,NA,NA,29975984
South,2021-10-13,41,1866,4183933,42,94104,NA,NA,29975984
South,2021-10-14,41,2829,4186762,125,94229,NA,NA,29975984
South,2021-10-15,41,3237,4189999,144,94373,NA,NA,29975984
South,2021-10-16,41,2934,4192933,85,94458,NA,NA,29975984
South,2021-10-17,42,1432,4194365,27,94485,NA,NA,29975984
South,2021-10-18,42,2134,4196499,88,94573,NA,NA,29975984
South,2021-10-19,42,3367,4199866,107,94680,NA,NA,29975984
South,2021-10-20,42,3162,4203028,105,94785,NA,NA,29975984
South,2021-10-21,42,3764,4206792,105,94890,NA,NA,29975984
South,2021-10-22,42,2317,4209109,98,94988,NA,NA,29975984
South,2021-10-23,42,3812,4212921,94,95082,NA,NA,29975984
South,2021-10-24,43,1243,4214164,56,95138,NA,NA,29975984
South,2021-10-25,43,2418,4216582,69,95207,NA,NA,29975984
South,2021-10-26,43,3251,4219833,112,95319,NA,NA,29975984
South,2021-10-27,43,5365,4225198,83,95402,NA,NA,29975984
South,2021-10-28,43,4041,4229239,107,95509,NA,NA,29975984
South,2021-10-29,43,3490,4232729,73,95582,NA,NA,29975984
South,2021-10-30,43,3934,4236663,64,95646,NA,NA,29975984
South,2021-10-31,44,2251,4238914,22,95668,NA,NA,29975984
South,2021-11-01,44,1814,4240728,22,95690,NA,NA,29975984
South,2021-11-02,44,2650,4243378,25,95715,NA,NA,29975984
South,2021-11-03,44,1877,4245255,49,95764,NA,NA,29975984
South,2021-11-04,44,3351,4248606,108,95872,NA,NA,29975984
South,2021-11-05,44,3453,4252059,67,95939,NA,NA,29975984
South,2021-11-06,44,3215,4255274,34,95973,NA,NA,29975984
South,2021-11-07,45,2056,4257330,10,95983,NA,NA,29975984
South,2021-11-08,45,1671,4259001,35,96018,NA,NA,29975984
South,2021-11-09,45,2976,4261977,67,96085,NA,NA,29975984
South,2021-11-10,45,2900,4264877,78,96163,NA,NA,29975984
South,2021-11-11,45,2918,4267795,58,96221,NA,NA,29975984
South,2021-11-12,45,2961,4270756,69,96290,NA,NA,29975984
South,2021-11-13,45,2484,4273240,50,96340,NA,NA,29975984
South,2021-11-14,46,1136,4274376,6,96346,NA,NA,29975984
South,2021-11-15,46,786,4275162,9,96355,NA,NA,29975984
South,2021-11-16,46,795,4275957,24,96379,NA,NA,29975984
South,2021-11-17,46,2179,4278136,92,96471,NA,NA,29975984
South,2021-11-18,46,2394,4280530,47,96518,NA,NA,29975984
South,2021-11-19,46,2304,4282834,44,96562,NA,NA,29975984
South,2021-11-20,46,2267,4285101,32,96594,NA,NA,29975984
South,2021-11-21,47,1299,4286400,7,96601,NA,NA,29975984
South,2021-11-22,47,1077,4287477,18,96619,NA,NA,29975984
South,2021-11-23,47,2423,4289900,55,96674,NA,NA,29975984
South,2021-11-24,47,2570,4292470,34,96708,NA,NA,29975984
South,2021-11-25,47,2707,4295177,46,96754,NA,NA,29975984
South,2021-11-26,47,1911,4297088,32,96786,NA,NA,29975984
South,2021-11-27,47,2027,4299115,33,96819,NA,NA,29975984
South,2021-11-28,48,858,4299973,6,96825,NA,NA,29975984
South,2021-11-29,48,1065,4301038,26,96851,NA,NA,29975984
South,2021-11-30,48,2142,4303180,56,96907,NA,NA,29975984
South,2021-12-01,48,1883,4305063,38,96945,NA,NA,29975984
South,2021-12-02,48,2409,4307472,33,96978,NA,NA,29975984
South,2021-12-03,48,2386,4309858,37,97015,NA,NA,29975984
South,2021-12-04,48,2156,4312014,23,97038,NA,NA,29975984
South,2021-12-05,49,1286,4313300,9,97047,NA,NA,29975984
South,2021-12-06,49,1212,4314512,14,97061,NA,NA,29975984
South,2021-12-07,49,2201,4316713,34,97095,NA,NA,29975984
South,2021-12-08,49,2182,4318895,29,97124,NA,NA,29975984
South,2021-12-09,49,2136,4321031,30,97154,NA,NA,29975984
South,2021-12-10,49,1996,4323027,23,97177,NA,NA,29975984
South,2021-12-11,49,882,4323909,8,97185,NA,NA,29975984
South,2021-12-12,50,892,4324801,4,97189,NA,NA,29975984
South,2021-12-13,50,916,4325717,5,97194,NA,NA,29975984
South,2021-12-14,50,1400,4327117,33,97227,NA,NA,29975984
South,2021-12-15,50,961,4328078,42,97269,NA,NA,29975984
South,2021-12-16,50,857,4328935,30,97299,NA,NA,29975984
South,2021-12-17,50,880,4329815,23,97322,NA,NA,29975984
South,2021-12-18,50,698,4330513,11,97333,NA,NA,29975984
South,2021-12-19,51,551,4331064,9,97342,NA,NA,29975984
South,2021-12-20,51,586,4331650,6,97348,NA,NA,29975984
South,2021-12-21,51,885,4332535,22,97370,NA,NA,29975984
South,2021-12-22,51,539,4333074,28,97398,NA,NA,29975984
South,2021-12-23,51,685,4333759,16,97414,NA,NA,29975984
South,2021-12-24,51,397,4334156,15,97429,NA,NA,29975984
South,2021-12-25,51,183,4334339,1,97430,NA,NA,29975984
South,2021-12-26,52,160,4334499,0,97430,NA,NA,29975984
South,2021-12-27,52,3725,4338224,10,97440,NA,NA,29975984
South,2021-12-28,52,2346,4340570,45,97485,NA,NA,29975984
South,2021-12-29,52,2908,4343478,18,97503,NA,NA,29975984
South,2021-12-30,52,2532,4346010,8,97511,NA,NA,29975984
South,2021-12-31,52,2944,4348954,8,97519,NA,NA,29975984
Southeast,2021-07-01,26,26317,7033485,1116,241984,NA,NA,88371433
Southeast,2021-07-02,26,30611,7064096,987,242971,NA,NA,88371433
Southeast,2021-07-03,26,25255,7089351,901,243872,NA,NA,88371433
Southeast,2021-07-04,27,10783,7100134,381,244253,NA,NA,88371433
Southeast,2021-07-05,27,7578,7107712,137,244390,NA,NA,88371433
Southeast,2021-07-06,27,31091,7138803,921,245311,NA,NA,88371433
Southeast,2021-07-07,27,25794,7164597,926,246237,NA,NA,88371433
Southeast,2021-07-08,27,24191,7188788,949,247186,NA,NA,88371433
Southeast,2021-07-09,27,24437,7213225,720,247906,NA,NA,88371433
Southeast,2021-07-10,27,18594,7231819,493,248399,NA,NA,88371433
Southeast,2021-07-11,28,9372,7241191,297,248696,NA,NA,88371433
Southeast,2021-07-12,28,5900,7247091,142,248838,NA,NA,88371433
Southeast,2021-07-13,28,19456,7266547,781,249619,NA,NA,88371433
Southeast,2021-07-14,28,26563,7293110,852,250471,NA,NA,88371433
Southeast,2021-07-15,28,27517,7320627,887,251358,NA,NA,88371433
Southeast,2021-07-16,28,21115,7341742,738,252096,NA,NA,88371433
Southeast,2021-07-17,28,10761,7352503,330,252426,NA,NA,88371433
Southeast,2021-07-18,29,23924,7376427,646,253072,NA,NA,88371433
Southeast,2021-07-19,29,5638,7382065,143,253215,NA,NA,88371433
Southeast,2021-07-20,29,12124,7394189,764,253979,NA,NA,88371433
Southeast,2021-07-21,29,28570,7422759,856,254835,NA,NA,88371433
Southeast,2021-07-22,29,23705,7446464,831,255666,NA,NA,88371433
Southeast,2021-07-23,29,23274,7469738,737,256403,NA,NA,88371433
Southeast,2021-07-24,29,13246,7482984,649,257052,NA,NA,88371433
Southeast,2021-07-25,30,8323,7491307,241,257293,NA,NA,88371433
Southeast,2021-07-26,30,4560,7495867,127,257420,NA,NA,88371433
Southeast,2021-07-27,30,21528,7517395,676,258096,NA,NA,88371433
Southeast,2021-07-28,30,22296,7539691,692,258788,NA,NA,88371433
Southeast,2021-07-29,30,18845,7558536,721,259509,NA,NA,88371433
Southeast,2021-07-30,30,21773,7580309,537,260046,NA,NA,88371433
Southeast,2021-07-31,30,18906,7599215,569,260615,NA,NA,88371433
Southeast,2021-08-01,31,11401,7610616,225,260840,NA,NA,88371433
Southeast,2021-08-02,31,5742,7616358,130,260970,NA,NA,88371433
Southeast,2021-08-03,31,14079,7630437,548,261518,NA,NA,88371433
Southeast,2021-08-04,31,20762,7651199,629,262147,NA,NA,88371433
Southeast,2021-08-05,31,19258,7670457,543,262690,NA,NA,88371433
Southeast,2021-08-06,31,18300,7688757,583,263273,NA,NA,88371433
Southeast,2021-08-07,31,26219,7714976,555,263828,NA,NA,88371433
Southeast,2021-08-08,32,7831,7722807,206,264034,NA,NA,88371433
Southeast,2021-08-09,32,4411,7727218,97,264131,NA,NA,88371433
Southeast,2021-08-10,32,17258,7744476,648,264779,NA,NA,88371433
Southeast,2021-08-11,32,18251,7762727,667,265446,NA,NA,88371433
Southeast,2021-08-12,32,18997,7781724,600,266046,NA,NA,88371433
Southeast,2021-08-13,32,17827,7799551,510,266556,NA,NA,88371433
Southeast,2021-08-14,32,16119,7815670,523,267079,NA,NA,88371433
Southeast,2021-08-15,33,6666,7822336,79,267158,NA,NA,88371433
Southeast,2021-08-16,33,6045,7828381,164,267322,NA,NA,88371433
Southeast,2021-08-17,33,17520,7845901,682,268004,NA,NA,88371433
Southeast,2021-08-18,33,18498,7864399,607,268611,NA,NA,88371433
Southeast,2021-08-19,33,18023,7882422,592,269203,NA,NA,88371433
Southeast,2021-08-20,33,16434,7898856,517,269720,NA,NA,88371433
Southeast,2021-08-21,33,12559,7911415,373,270093,NA,NA,88371433
Southeast,2021-08-22,34,7518,7918933,132,270225,NA,NA,88371433
Southeast,2021-08-23,34,4748,7923681,72,270297,NA,NA,88371433
Southeast,2021-08-24,34,16511,7940192,499,270796,NA,NA,88371433
Southeast,2021-08-25,34,15643,7955835,523,271319,NA,NA,88371433
Southeast,2021-08-26,34,14962,7970797,572,271891,NA,NA,88371433
Southeast,2021-08-27,34,13970,7984767,504,272395,NA,NA,88371433
Southeast,2021-08-28,34,12500,7997267,419,272814,NA,NA,88371433
Southeast,2021-08-29,35,6125,8003392,130,272944,NA,NA,88371433
Southeast,2021-08-30,35,3458,8006850,70,273014,NA,NA,88371433
Southeast,2021-08-31,35,13301,8020151,518,273532,NA,NA,88371433
Southeast,2021-09-01,35,12234,8032385,428,273960,NA,NA,88371433
Southeast,2021-09-02,35,11923,8044308,443,274403,NA,NA,88371433
Southeast,2021-09-03,35,11794,8056102,457,274860,NA,NA,88371433
Southeast,2021-09-04,35,12210,8068312,425,275285,NA,NA,88371433
Southeast,2021-09-05,36,6759,8075071,123,275408,NA,NA,88371433
Southeast,2021-09-06,36,3020,8078091,38,275446,NA,NA,88371433
Southeast,2021-09-07,36,5199,8083290,164,275610,NA,NA,88371433
Southeast,2021-09-08,36,8775,8092065,94,275704,NA,NA,88371433
Southeast,2021-09-09,36,22169,8114234,434,276138,NA,NA,88371433
Southeast,2021-09-10,36,4792,8119026,397,276535,NA,NA,88371433
Southeast,2021-09-11,36,5382,8124408,470,277005,NA,NA,88371433
Southeast,2021-09-12,37,2837,8127245,144,277149,NA,NA,88371433
Southeast,2021-09-13,37,1847,8129092,54,277203,NA,NA,88371433
Southeast,2021-09-14,37,4004,8133096,436,277639,NA,NA,88371433
Southeast,2021-09-15,37,7291,8140387,539,278178,NA,NA,88371433
Southeast,2021-09-16,37,26681,8167068,407,278585,NA,NA,88371433
Southeast,2021-09-17,37,3181,8170249,85,278670,NA,NA,88371433
Southeast,2021-09-18,37,133804,8304053,700,279370,NA,NA,88371433
Southeast,2021-09-19,38,3591,8307644,134,279504,NA,NA,88371433
Southeast,2021-09-20,38,2364,8310008,48,279552,NA,NA,88371433
Southeast,2021-09-21,38,4137,8314145,219,279771,NA,NA,88371433
Southeast,2021-09-22,38,9847,8323992,587,280358,NA,NA,88371433
Southeast,2021-09-23,38,14480,8338472,412,280770,NA,NA,88371433
Southeast,2021-09-24,38,7785,8346257,397,281167,NA,NA,88371433
Southeast,2021-09-25,38,6258,8352515,364,281531,NA,NA,88371433
Southeast,2021-09-26,39,3593,8356108,110,281641,NA,NA,88371433
Southeast,2021-09-27,39,2088,8358196,42,281683,NA,NA,88371433
Southeast,2021-09-28,39,6469,8364665,516,282199,NA,NA,88371433
Southeast,2021-09-29,39,6418,8371083,450,282649,NA,NA,88371433
Southeast,2021-09-30,39,7197,8378280,400,283049,NA,NA,88371433
Southeast,2021-10-01,39,8180,8386460,339,283388,NA,NA,88371433
Southeast,2021-10-02,39,5741,8392201,320,283708,NA,NA,88371433
Southeast,2021-10-03,40,2643,8394844,87,283795,NA,NA,88371433
Southeast,2021-10-04,40,4006,8398850,70,283865,NA,NA,88371433
Southeast,2021-10-05,40,8528,8407378,416,284281,NA,NA,88371433
Southeast,2021-10-06,40,7411,8414789,326,284607,NA,NA,88371433
Southeast,2021-10-07,40,3794,8418583,223,284830,NA,NA,88371433
Southeast,2021-10-08,40,7541,8426124,427,285257,NA,NA,88371433
Southeast,2021-10-09,40,8111,8434235,284,285541,NA,NA,88371433
Southeast,2021-10-10,41,3190,8437425,49,285590,NA,NA,88371433
Southeast,2021-10-11,41,2518,8439943,67,285657,NA,NA,88371433
Southeast,2021-10-12,41,2074,8442017,66,285723,NA,NA,88371433
Southeast,2021-10-13,41,1833,8443850,59,285782,NA,NA,88371433
Southeast,2021-10-14,41,6323,8450173,275,286057,NA,NA,88371433
Southeast,2021-10-15,41,5934,8456107,261,286318,NA,NA,88371433
Southeast,2021-10-16,41,4170,8460277,289,286607,NA,NA,88371433
Southeast,2021-10-17,42,2448,8462725,65,286672,NA,NA,88371433
Southeast,2021-10-18,42,2346,8465071,29,286701,NA,NA,88371433
Southeast,2021-10-19,42,3751,8468822,178,286879,NA,NA,88371433
Southeast,2021-10-20,42,6249,8475071,192,287071,NA,NA,88371433
Southeast,2021-10-21,42,6577,8481648,245,287316,NA,NA,88371433
Southeast,2021-10-22,42,6167,8487815,243,287559,NA,NA,88371433
Southeast,2021-10-23,42,3581,8491396,118,287677,NA,NA,88371433
Southeast,2021-10-24,43,3360,8494756,92,287769,NA,NA,88371433
Southeast,2021-10-25,43,1138,8495894,22,287791,NA,NA,88371433
Southeast,2021-10-26,43,4617,8500511,197,287988,NA,NA,88371433
Southeast,2021-10-27,43,6196,8506707,272,288260,NA,NA,88371433
Southeast,2021-10-28,43,4970,8511677,176,288436,NA,NA,88371433
Southeast,2021-10-29,43,3754,8515431,243,288679,NA,NA,88371433
Southeast,2021-10-30,43,3088,8518519,110,288789,NA,NA,88371433
Southeast,2021-10-31,44,2114,8520633,69,288858,NA,NA,88371433
Southeast,2021-11-01,44,793,8521426,40,288898,NA,NA,88371433
Southeast,2021-11-02,44,1847,8523273,89,288987,NA,NA,88371433
Southeast,2021-11-03,44,1873,8525146,56,289043,NA,NA,88371433
Southeast,2021-11-04,44,5103,8530249,217,289260,NA,NA,88371433
Southeast,2021-11-05,44,5029,8535278,235,289495,NA,NA,88371433
Southeast,2021-11-06,44,4411,8539689,239,289734,NA,NA,88371433
Southeast,2021-11-07,45,1906,8541595,25,289759,NA,NA,88371433
Southeast,2021-11-08,45,1420,8543015,44,289803,NA,NA,88371433
Southeast,2021-11-09,45,3587,8546602,62,289865,NA,NA,88371433
Southeast,2021-11-10,45,4430,8551032,120,289985,NA,NA,88371433
Southeast,2021-11-11,45,4325,8555357,72,290057,NA,NA,88371433
Southeast,2021-11-12,45,2757,8558114,75,290132,NA,NA,88371433
Southeast,2021-11-13,45,7025,8565139,609,290741,NA,NA,88371433
Southeast,2021-11-14,46,1400,8566539,34,290775,NA,NA,88371433
Southeast,2021-11-15,46,793,8567332,19,290794,NA,NA,88371433
Southeast,2021-11-16,46,1377,8568709,33,290827,NA,NA,88371433
Southeast,2021-11-17,46,4225,8572934,194,291021,NA,NA,88371433
Southeast,2021-11-18,46,3747,8576681,153,291174,NA,NA,88371433
Southeast,2021-11-19,46,5506,8582187,109,291283,NA,NA,88371433
Southeast,2021-11-20,46,3174,8585361,129,291412,NA,NA,88371433
Southeast,2021-11-21,47,2082,8587443,36,291448,NA,NA,88371433
Southeast,2021-11-22,47,386,8587829,10,291458,NA,NA,88371433
Southeast,2021-11-23,47,3114,8590943,142,291600,NA,NA,88371433
Southeast,2021-11-24,47,3862,8594805,165,291765,NA,NA,88371433
Southeast,2021-11-25,47,3894,8598699,164,291929,NA,NA,88371433
Southeast,2021-11-26,47,3753,8602452,221,292150,NA,NA,88371433
Southeast,2021-11-27,47,3009,8605461,141,292291,NA,NA,88371433
Southeast,2021-11-28,48,1707,8607168,55,292346,NA,NA,88371433
Southeast,2021-11-29,48,921,8608089,20,292366,NA,NA,88371433
Southeast,2021-11-30,48,3458,8611547,150,292516,NA,NA,88371433
Southeast,2021-12-01,48,3276,8614823,151,292667,NA,NA,88371433
Southeast,2021-12-02,48,3693,8618516,112,292779,NA,NA,88371433
Southeast,2021-12-03,48,3009,8621525,128,292907,NA,NA,88371433
Southeast,2021-12-04,48,2687,8624212,90,292997,NA,NA,88371433
Southeast,2021-12-05,49,1761,8625973,34,293031,NA,NA,88371433
Southeast,2021-12-06,49,800,8626773,31,293062,NA,NA,88371433
Southeast,2021-12-07,49,2876,8629649,174,293236,NA,NA,88371433
Southeast,2021-12-08,49,3175,8632824,134,293370,NA,NA,88371433
Southeast,2021-12-09,49,2605,8635429,112,293482,NA,NA,88371433
Southeast,2021-12-10,49,2365,8637794,144,293626,NA,NA,88371433
Southeast,2021-12-11,49,899,8638693,10,293636,NA,NA,88371433
Southeast,2021-12-12,50,359,8639052,64,293700,NA,NA,88371433
Southeast,2021-12-13,50,428,8639480,6,293706,NA,NA,88371433
Southeast,2021-12-14,50,522,8640002,5,293711,NA,NA,88371433
Southeast,2021-12-15,50,1105,8641107,187,293898,NA,NA,88371433
Southeast,2021-12-16,50,698,8641805,41,293939,NA,NA,88371433
Southeast,2021-12-17,50,958,8642763,125,294064,NA,NA,88371433
Southeast,2021-12-18,50,481,8643244,99,294163,NA,NA,88371433
Southeast,2021-12-19,51,258,8643502,29,294192,NA,NA,88371433
Southeast,2021-12-20,51,387,8643889,15,294207,NA,NA,88371433
Southeast,2021-12-21,51,699,8644588,6,294213,NA,NA,88371433
Southeast,2021-12-22,51,735,8645323,67,294280,NA,NA,88371433
Southeast,2021-12-23,51,790,8646113,69,294349,NA,NA,88371433
Southeast,2021-12-24,51,817,8646930,65,294414,NA,NA,88371433
Southeast,2021-12-25,51,1189,8648119,6,294420,NA,NA,88371433
Southeast,2021-12-26,52,216,8648335,4,294424,NA,NA,88371433
Southeast,2021-12-27,52,722,8649057,24,294448,NA,NA,88371433
Southeast,2021-12-28,52,1896,8650953,56,294504,NA,NA,88371433
Southeast,2021-12-29,52,1981,8652934,30,294534,NA,NA,88371433
Southeast,2021-12-30,52,6046,8658980,91,294625,NA,NA,88371433
Southeast,2021-12-31,52,3808,8662788,34,294659,NA,NA,88371433
Midwest,2022-01-01,52,313,2402085,17,59328,NA,NA,16297074
Midwest,2022-01-02,1,0,2402085,0,59328,NA,NA,16297074
Midwest,2022-01-03,1,2212,2404297,20,59348,NA,NA,16297074
Midwest,2022-01-04,1,1836,2406133,8,59356,NA,NA,16297074
Midwest,2022-01-05,1,2606,2408739,9,59365,NA,NA,16297074
Midwest,2022-01-06,1,4310,2413049,4,59369,NA,NA,16297074
Midwest,2022-01-07,1,6110,2419159,36,59405,NA,NA,16297074
Midwest,2022-01-08,1,1804,2420963,4,59409,NA,NA,16297074
Midwest,2022-01-09,2,732,2421695,2,59411,NA,NA,16297074
Midwest,2022-01-10,2,7721,2429416,34,59445,NA,NA,16297074
Midwest,2022-01-11,2,10312,2439728,14,59459,NA,NA,16297074
Midwest,2022-01-12,2,8523,2448251,9,59468,NA,NA,16297074
Midwest,2022-01-13,2,14236,2462487,21,59489,NA,NA,16297074
Midwest,2022-01-14,2,9634,2472121,10,59499,NA,NA,16297074
Midwest,2022-01-15,2,945,2473066,12,59511,NA,NA,16297074
Midwest,2022-01-16,3,517,2473583,3,59514,NA,NA,16297074
Midwest,2022-01-17,3,12261,2485844,16,59530,NA,NA,16297074
Midwest,2022-01-18,3,13935,2499779,38,59568,NA,NA,16297074
Midwest,2022-01-19,3,13608,2513387,28,59596,NA,NA,16297074
Midwest,2022-01-20,3,14495,2527882,34,59630,NA,NA,16297074
Midwest,2022-01-21,3,14123,2542005,46,59676,NA,NA,16297074
Midwest,2022-01-22,3,7477,2549482,21,59697,NA,NA,16297074
Midwest,2022-01-23,4,4388,2553870,14,59711,NA,NA,16297074
Midwest,2022-01-24,4,17248,2571118,43,59754,NA,NA,16297074
Midwest,2022-01-25,4,27835,2598953,23,59777,NA,NA,16297074
Midwest,2022-01-26,4,19896,2618849,96,59873,NA,NA,16297074
Midwest,2022-01-27,4,15025,2633874,44,59917,NA,NA,16297074
Midwest,2022-01-28,4,25529,2659403,83,60000,NA,NA,16297074
Midwest,2022-01-29,4,6102,2665505,21,60021,NA,NA,16297074
Midwest,2022-01-30,5,2990,2668495,12,60033,NA,NA,16297074
Midwest,2022-01-31,5,23557,2692052,100,60133,NA,NA,16297074
Midwest,2022-02-01,5,15515,2707567,65,60198,NA,NA,16297074
Midwest,2022-02-02,5,13518,2721085,43,60241,NA,NA,16297074
Midwest,2022-02-03,5,31569,2752654,115,60356,NA,NA,16297074
Midwest,2022-02-04,5,22022,2774676,87,60443,NA,NA,16297074
Midwest,2022-02-05,5,8691,2783367,59,60502,NA,NA,16297074
Midwest,2022-02-06,6,1961,2785328,10,60512,NA,NA,16297074
Midwest,2022-02-07,6,21658,2806986,86,60598,NA,NA,16297074
Midwest,2022-02-08,6,18169,2825155,81,60679,NA,NA,16297074
Midwest,2022-02-09,6,19285,2844440,68,60747,NA,NA,16297074
Midwest,2022-02-10,6,18446,2862886,74,60821,NA,NA,16297074
Midwest,2022-02-11,6,16830,2879716,88,60909,NA,NA,16297074
Midwest,2022-02-12,6,7722,2887438,32,60941,NA,NA,16297074
Midwest,2022-02-13,7,4400,2891838,13,60954,NA,NA,16297074
Midwest,2022-02-14,7,15867,2907705,82,61036,NA,NA,16297074
Midwest,2022-02-15,7,14358,2922063,75,61111,NA,NA,16297074
Midwest,2022-02-16,7,16547,2938610,76,61187,NA,NA,16297074
Midwest,2022-02-17,7,14798,2953408,91,61278,NA,NA,16297074
Midwest,2022-02-18,7,15207,2968615,93,61371,NA,NA,16297074
Midwest,2022-02-19,7,8931,2977546,47,61418,NA,NA,16297074
Midwest,2022-02-20,8,4259,2981805,13,61431,NA,NA,16297074
Midwest,2022-02-21,8,11129,2992934,70,61501,NA,NA,16297074
Midwest,2022-02-22,8,14152,3007086,97,61598,NA,NA,16297074
Midwest,2022-02-23,8,12034,3019120,93,61691,NA,NA,16297074
Midwest,2022-02-24,8,9533,3028653,54,61745,NA,NA,16297074
Midwest,2022-02-25,8,10616,3039269,65,61810,NA,NA,16297074
Midwest,2022-02-26,8,5676,3044945,75,61885,NA,NA,16297074
Midwest,2022-02-27,9,2568,3047513,17,61902,NA,NA,16297074
Midwest,2022-02-28,9,1987,3049500,18,61920,NA,NA,16297074
Midwest,2022-03-01,9,2066,3051566,28,61948,NA,NA,16297074
Midwest,2022-03-02,9,6237,3057803,72,62020,NA,NA,16297074
Midwest,2022-03-03,9,6636,3064439,44,62064,NA,NA,16297074
Midwest,2022-03-04,9,10345,3074784,68,62132,NA,NA,16297074
Midwest,2022-03-05,9,6545,3081329,43,62175,NA,NA,16297074
Midwest,2022-03-06,10,1233,3082562,16,62191,NA,NA,16297074
Midwest,2022-03-07,10,7281,3089843,45,62236,NA,NA,16297074
Midwest,2022-03-08,10,5750,3095593,40,62276,NA,NA,16297074
Midwest,2022-03-09,10,10777,3106370,70,62346,NA,NA,16297074
Midwest,2022-03-10,10,8037,3114407,53,62399,NA,NA,16297074
Midwest,2022-03-11,10,9991,3124398,64,62463,NA,NA,16297074
Midwest,2022-03-12,10,2268,3126666,21,62484,NA,NA,16297074
Midwest,2022-03-13,11,4576,3131242,2,62486,NA,NA,16297074
Midwest,2022-03-14,11,2785,3134027,38,62524,NA,NA,16297074
Midwest,2022-03-15,11,9659,3143686,28,62552,NA,NA,16297074
Midwest,2022-03-16,11,7261,3150947,30,62582,NA,NA,16297074
Midwest,2022-03-17,11,8403,3159350,47,62629,NA,NA,16297074
Midwest,2022-03-18,11,5765,3165115,12,62641,NA,NA,16297074
Midwest,2022-03-19,11,7068,3172183,4,62645,NA,NA,16297074
Midwest,2022-03-20,12,720,3172903,1,62646,NA,NA,16297074
Midwest,2022-03-21,12,3501,3176404,17,62663,NA,NA,16297074
Midwest,2022-03-22,12,6773,3183177,86,62749,NA,NA,16297074
Midwest,2022-03-23,12,7044,3190221,38,62787,NA,NA,16297074
Midwest,2022-03-24,12,5032,3195253,31,62818,NA,NA,16297074
Midwest,2022-03-25,12,4203,3199456,12,62830,NA,NA,16297074
Midwest,2022-03-26,12,2760,3202216,7,62837,NA,NA,16297074
Midwest,2022-03-27,13,177,3202393,9,62846,NA,NA,16297074
Midwest,2022-03-28,13,3785,3206178,11,62857,NA,NA,16297074
Midwest,2022-03-29,13,2586,3208764,23,62880,NA,NA,16297074
Midwest,2022-03-30,13,5577,3214341,15,62895,NA,NA,16297074
Midwest,2022-03-31,13,3400,3217741,22,62917,NA,NA,16297074
Midwest,2022-04-01,13,3231,3220972,35,62952,NA,NA,16297074
Midwest,2022-04-02,13,159,3221131,15,62967,NA,NA,16297074
Midwest,2022-04-03,14,1719,3222850,1,62968,NA,NA,16297074
Midwest,2022-04-04,14,1229,3224079,11,62979,NA,NA,16297074
Midwest,2022-04-05,14,5412,3229491,23,63002,NA,NA,16297074
Midwest,2022-04-06,14,3022,3232513,25,63027,NA,NA,16297074
Midwest,2022-04-07,14,5365,3237878,18,63045,NA,NA,16297074
Midwest,2022-04-08,14,6466,3244344,16,63061,NA,NA,16297074
Midwest,2022-04-09,14,3822,3248166,9,63070,NA,NA,16297074
Midwest,2022-04-10,15,88,3248254,0,63070,NA,NA,16297074
Midwest,2022-04-11,15,2106,3250360,11,63081,NA,NA,16297074
Midwest,2022-04-12,15,2485,3252845,19,63100,NA,NA,16297074
Midwest,2022-04-13,15,5352,3258197,12,63112,NA,NA,16297074
Midwest,2022-04-14,15,3597,3261794,27,63139,NA,NA,16297074
Midwest,2022-04-15,15,446,3262240,7,63146,NA,NA,16297074
Midwest,2022-04-16,15,48,3262288,5,63151,NA,NA,16297074
Midwest,2022-04-17,16,27,3262315,0,63151,NA,NA,16297074
Midwest,2022-04-18,16,1726,3264041,5,63156,NA,NA,16297074
Midwest,2022-04-19,16,3237,3267278,9,63165,NA,NA,16297074
Midwest,2022-04-20,16,1351,3268629,8,63173,NA,NA,16297074
Midwest,2022-04-21,16,1147,3269776,6,63179,NA,NA,16297074
Midwest,2022-04-22,16,209,3269985,0,63179,NA,NA,16297074
Midwest,2022-04-23,16,327,3270312,4,63183,NA,NA,16297074
Midwest,2022-04-24,17,60,3270372,0,63183,NA,NA,16297074
Midwest,2022-04-25,17,1578,3271950,10,63193,NA,NA,16297074
Midwest,2022-04-26,17,3411,3275361,16,63209,NA,NA,16297074
Midwest,2022-04-27,17,2391,3277752,26,63235,NA,NA,16297074
Midwest,2022-04-28,17,2681,3280433,4,63239,NA,NA,16297074
Midwest,2022-04-29,17,821,3281254,13,63252,NA,NA,16297074
Midwest,2022-04-30,17,1063,3282317,16,63268,NA,NA,16297074
Midwest,2022-05-01,18,89,3282406,0,63268,NA,NA,16297074
Midwest,2022-05-02,18,1497,3283903,10,63278,NA,NA,16297074
Midwest,2022-05-03,18,2522,3286425,7,63285,NA,NA,16297074
Midwest,2022-05-04,18,2390,3288815,21,63306,NA,NA,16297074
Midwest,2022-05-05,18,2110,3290925,12,63318,NA,NA,16297074
Midwest,2022-05-06,18,1799,3292724,19,63337,NA,NA,16297074
Midwest,2022-05-07,18,732,3293456,0,63337,NA,NA,16297074
Midwest,2022-05-08,19,212,3293668,0,63337,NA,NA,16297074
Midwest,2022-05-09,19,1589,3295257,3,63340,NA,NA,16297074
Midwest,2022-05-10,19,1616,3296873,31,63371,NA,NA,16297074
Midwest,2022-05-11,19,2653,3299526,4,63375,NA,NA,16297074
Midwest,2022-05-12,19,1764,3301290,2,63377,NA,NA,16297074
Midwest,2022-05-13,19,2755,3304045,13,63390,NA,NA,16297074
Midwest,2022-05-14,19,2737,3306782,2,63392,NA,NA,16297074
Midwest,2022-05-15,20,84,3306866,-1,63391,NA,NA,16297074
Midwest,2022-05-16,20,2235,3309101,6,63397,NA,NA,16297074
Midwest,2022-05-17,20,3276,3312377,32,63429,NA,NA,16297074
Midwest,2022-05-18,20,2083,3314460,11,63440,NA,NA,16297074
Midwest,2022-05-19,20,844,3315304,10,63450,NA,NA,16297074
Midwest,2022-05-20,20,1999,3317303,7,63457,NA,NA,16297074
Midwest,2022-05-21,20,1595,3318898,0,63457,NA,NA,16297074
Midwest,2022-05-22,21,134,3319032,0,63457,NA,NA,16297074
Midwest,2022-05-23,21,1612,3320644,5,63462,NA,NA,16297074
Midwest,2022-05-24,21,1545,3322189,24,63486,NA,NA,16297074
Midwest,2022-05-25,21,3247,3325436,1,63487,NA,NA,16297074
Midwest,2022-05-26,21,4897,3330333,21,63508,NA,NA,16297074
Midwest,2022-05-27,21,6741,3337074,23,63531,NA,NA,16297074
Midwest,2022-05-28,21,1805,3338879,1,63532,NA,NA,16297074
Midwest,2022-05-29,22,351,3339230,1,63533,NA,NA,16297074
Midwest,2022-05-30,22,5087,3344317,5,63538,NA,NA,16297074
Midwest,2022-05-31,22,6827,3351144,12,63550,NA,NA,16297074
Midwest,2022-06-01,22,5066,3356210,10,63560,NA,NA,16297074
Midwest,2022-06-02,22,7130,3363340,-2,63558,NA,NA,16297074
Midwest,2022-06-03,22,7822,3371162,3,63561,NA,NA,16297074
Midwest,2022-06-04,22,2254,3373416,0,63561,NA,NA,16297074
Midwest,2022-06-05,23,1984,3375400,-2,63559,NA,NA,16297074
Midwest,2022-06-06,23,8662,3384062,8,63567,NA,NA,16297074
Midwest,2022-06-07,23,11359,3395421,40,63607,NA,NA,16297074
Midwest,2022-06-08,23,7782,3403203,6,63613,NA,NA,16297074
Midwest,2022-06-09,23,9882,3413085,7,63620,NA,NA,16297074
Midwest,2022-06-10,23,11357,3424442,10,63630,NA,NA,16297074
Midwest,2022-06-11,23,4554,3428996,0,63630,NA,NA,16297074
Midwest,2022-06-12,24,1841,3430837,9,63639,NA,NA,16297074
Midwest,2022-06-13,24,12053,3442890,10,63649,NA,NA,16297074
Midwest,2022-06-14,24,10157,3453047,46,63695,NA,NA,16297074
Midwest,2022-06-15,24,15254,3468301,16,63711,NA,NA,16297074
Midwest,2022-06-16,24,6136,3474437,10,63721,NA,NA,16297074
Midwest,2022-06-17,24,9022,3483459,5,63726,NA,NA,16297074
Midwest,2022-06-18,24,2963,3486422,2,63728,NA,NA,16297074
Midwest,2022-06-19,25,1613,3488035,0,63728,NA,NA,16297074
Midwest,2022-06-20,25,13554,3501589,19,63747,NA,NA,16297074
Midwest,2022-06-21,25,12048,3513637,32,63779,NA,NA,16297074
Midwest,2022-06-22,25,16468,3530105,12,63791,NA,NA,16297074
Midwest,2022-06-23,25,15195,3545300,46,63837,NA,NA,16297074
Midwest,2022-06-24,25,13938,3559238,27,63864,NA,NA,16297074
Midwest,2022-06-25,25,2574,3561812,5,63869,NA,NA,16297074
Midwest,2022-06-26,26,2350,3564162,1,63870,NA,NA,16297074
Midwest,2022-06-27,26,11785,3575947,12,63882,NA,NA,16297074
Midwest,2022-06-28,26,14404,3590351,45,63927,NA,NA,16297074
Midwest,2022-06-29,26,14420,3604771,19,63946,NA,NA,16297074
Midwest,2022-06-30,26,12331,3617102,31,63977,NA,NA,16297074
North,2022-01-01,52,160,1924071,6,47554,NA,NA,18430980
North,2022-01-02,1,93,1924164,4,47558,NA,NA,18430980
North,2022-01-03,1,600,1924764,9,47567,NA,NA,18430980
North,2022-01-04,1,1713,1926477,11,47578,NA,NA,18430980
North,2022-01-05,1,1869,1928346,16,47594,NA,NA,18430980
North,2022-01-06,1,2261,1930607,22,47616,NA,NA,18430980
North,2022-01-07,1,1952,1932559,34,47650,NA,NA,18430980
North,2022-01-08,1,2430,1934989,24,47674,NA,NA,18430980
North,2022-01-09,2,1029,1936018,5,47679,NA,NA,18430980
North,2022-01-10,2,1273,1937291,17,47696,NA,NA,18430980
North,2022-01-11,2,4416,1941707,30,47726,NA,NA,18430980
North,2022-01-12,2,4947,1946654,11,47737,NA,NA,18430980
North,2022-01-13,2,5334,1951988,22,47759,NA,NA,18430980
North,2022-01-14,2,6774,1958762,39,47798,NA,NA,18430980
North,2022-01-15,2,5074,1963836,9,47807,NA,NA,18430980
North,2022-01-16,3,4752,1968588,6,47813,NA,NA,18430980
North,2022-01-17,3,5850,1974438,10,47823,NA,NA,18430980
North,2022-01-18,3,10037,1984475,25,47848,NA,NA,18430980
North,2022-01-19,3,14421,1998896,21,47869,NA,NA,18430980
North,2022-01-20,3,15491,2014387,18,47887,NA,NA,18430980
North,2022-01-21,3,16049,2030436,25,47912,NA,NA,18430980
North,2022-01-22,3,15675,2046111,15,47927,NA,NA,18430980
North,2022-01-23,4,6997,2053108,11,47938,NA,NA,18430980
North,2022-01-24,4,12418,2065526,18,47956,NA,NA,18430980
North,2022-01-25,4,17183,2082709,26,47982,NA,NA,18430980
North,2022-01-26,4,15948,2098657,24,48006,NA,NA,18430980
North,2022-01-27,4,15764,2114421,26,48032,NA,NA,18430980
North,2022-01-28,4,16264,2130685,33,48065,NA,NA,18430980
North,2022-01-29,4,14168,2144853,33,48098,NA,NA,18430980
North,2022-01-30,5,6515,2151368,20,48118,NA,NA,18430980
North,2022-01-31,5,9872,2161240,26,48144,NA,NA,18430980
North,2022-02-01,5,13797,2175037,40,48184,NA,NA,18430980
North,2022-02-02,5,13730,2188767,42,48226,NA,NA,18430980
North,2022-02-03,5,16709,2205476,43,48269,NA,NA,18430980
North,2022-02-04,5,13248,2218724,49,48318,NA,NA,18430980
North,2022-02-05,5,10066,2228790,39,48357,NA,NA,18430980
North,2022-02-06,6,4945,2233735,22,48379,NA,NA,18430980
North,2022-02-07,6,5912,2239647,39,48418,NA,NA,18430980
North,2022-02-08,6,13572,2253219,53,48471,NA,NA,18430980
North,2022-02-09,6,12825,2266044,47,48518,NA,NA,18430980
North,2022-02-10,6,11067,2277111,43,48561,NA,NA,18430980
North,2022-02-11,6,12089,2289200,48,48609,NA,NA,18430980
North,2022-02-12,6,8509,2297709,40,48649,NA,NA,18430980
North,2022-02-13,7,2866,2300575,16,48665,NA,NA,18430980
North,2022-02-14,7,8022,2308597,93,48758,NA,NA,18430980
North,2022-02-15,7,10402,2318999,61,48819,NA,NA,18430980
North,2022-02-16,7,8490,2327489,44,48863,NA,NA,18430980
North,2022-02-17,7,9954,2337443,52,48915,NA,NA,18430980
North,2022-02-18,7,9485,2346928,68,48983,NA,NA,18430980
North,2022-02-19,7,3720,2350648,22,49005,NA,NA,18430980
North,2022-02-20,8,3460,2354108,38,49043,NA,NA,18430980
North,2022-02-21,8,5639,2359747,25,49068,NA,NA,18430980
North,2022-02-22,8,8136,2367883,27,49095,NA,NA,18430980
North,2022-02-23,8,7582,2375465,45,49140,NA,NA,18430980
North,2022-02-24,8,6574,2382039,52,49192,NA,NA,18430980
North,2022-02-25,8,7685,2389724,37,49229,NA,NA,18430980
North,2022-02-26,8,4288,2394012,33,49262,NA,NA,18430980
North,2022-02-27,9,2790,2396802,18,49280,NA,NA,18430980
North,2022-02-28,9,2171,2398973,19,49299,NA,NA,18430980
North,2022-03-01,9,1997,2400970,29,49328,NA,NA,18430980
North,2022-03-02,9,1272,2402242,20,49348,NA,NA,18430980
North,2022-03-03,9,3768,2406010,29,49377,NA,NA,18430980
North,2022-03-04,9,4349,2410359,38,49415,NA,NA,18430980
North,2022-03-05,9,3420,2413779,35,49450,NA,NA,18430980
North,2022-03-06,10,2616,2416395,14,49464,NA,NA,18430980
North,2022-03-07,10,2127,2418522,15,49479,NA,NA,18430980
North,2022-03-08,10,3627,2422149,25,49504,NA,NA,18430980
North,2022-03-09,10,3920,2426069,21,49525,NA,NA,18430980
North,2022-03-10,10,3877,2429946,33,49558,NA,NA,18430980
North,2022-03-11,10,2946,2432892,31,49589,NA,NA,18430980
North,2022-03-12,10,2250,2435142,14,49603,NA,NA,18430980
North,2022-03-13,11,1456,2436598,8,49611,NA,NA,18430980
North,2022-03-14,11,1456,2438054,9,49620,NA,NA,18430980
North,2022-03-15,11,2255,2440309,18,49638,NA,NA,18430980
North,2022-03-16,11,2288,2442597,11,49649,NA,NA,18430980
North,2022-03-17,11,2802,2445399,25,49674,NA,NA,18430980
North,2022-03-18,11,2819,2448218,16,49690,NA,NA,18430980
North,2022-03-19,11,2720,2450938,18,49708,NA,NA,18430980
North,2022-03-20,12,1622,2452560,4,49712,NA,NA,18430980
North,2022-03-21,12,1473,2454033,10,49722,NA,NA,18430980
North,2022-03-22,12,2410,2456443,21,49743,NA,NA,18430980
North,2022-03-23,12,1940,2458383,17,49760,NA,NA,18430980
North,2022-03-24,12,2069,2460452,11,49771,NA,NA,18430980
North,2022-03-25,12,2571,2463023,14,49785,NA,NA,18430980
North,2022-03-26,12,2073,2465096,13,49798,NA,NA,18430980
North,2022-03-27,13,619,2465715,3,49801,NA,NA,18430980
North,2022-03-28,13,623,2466338,7,49808,NA,NA,18430980
North,2022-03-29,13,1643,2467981,4,49812,NA,NA,18430980
North,2022-03-30,13,1911,2469892,12,49824,NA,NA,18430980
North,2022-03-31,13,1520,2471412,8,49832,NA,NA,18430980
North,2022-04-01,13,1764,2473176,17,49849,NA,NA,18430980
North,2022-04-02,13,1410,2474586,11,49860,NA,NA,18430980
North,2022-04-03,14,370,2474956,8,49868,NA,NA,18430980
North,2022-04-04,14,357,2475313,5,49873,NA,NA,18430980
North,2022-04-05,14,1191,2476504,11,49884,NA,NA,18430980
North,2022-04-06,14,778,2477282,17,49901,NA,NA,18430980
North,2022-04-07,14,747,2478029,9,49910,NA,NA,18430980
North,2022-04-08,14,1213,2479242,4,49914,NA,NA,18430980
North,2022-04-09,14,755,2479997,6,49920,NA,NA,18430980
North,2022-04-10,15,351,2480348,4,49924,NA,NA,18430980
North,2022-04-11,15,396,2480744,3,49927,NA,NA,18430980
North,2022-04-12,15,1148,2481892,9,49936,NA,NA,18430980
North,2022-04-13,15,955,2482847,13,49949,NA,NA,18430980
North,2022-04-14,15,981,2483828,7,49956,NA,NA,18430980
North,2022-04-15,15,556,2484384,6,49962,NA,NA,18430980
North,2022-04-16,15,93,2484477,4,49966,NA,NA,18430980
North,2022-04-17,16,499,2484976,2,49968,NA,NA,18430980
North,2022-04-18,16,877,2485853,6,49974,NA,NA,18430980
North,2022-04-19,16,639,2486492,7,49981,NA,NA,18430980
North,2022-04-20,16,839,2487331,5,49986,NA,NA,18430980
North,2022-04-21,16,999,2488330,12,49998,NA,NA,18430980
North,2022-04-22,16,1156,2489486,7,50005,NA,NA,18430980
North,2022-04-23,16,611,2490097,14,50019,NA,NA,18430980
North,2022-04-24,17,193,2490290,3,50022,NA,NA,18430980
North,2022-04-25,17,539,2490829,12,50034,NA,NA,18430980
North,2022-04-26,17,1050,2491879,7,50041,NA,NA,18430980
North,2022-04-27,17,798,2492677,13,50054,NA,NA,18430980
North,2022-04-28,17,959,2493636,6,50060,NA,NA,18430980
North,2022-04-29,17,698,2494334,9,50069,NA,NA,18430980
North,2022-04-30,17,300,2494634,6,50075,NA,NA,18430980
North,2022-05-01,18,278,2494912,3,50078,NA,NA,18430980
North,2022-05-02,18,269,2495181,6,50084,NA,NA,18430980
North,2022-05-03,18,936,2496117,5,50089,NA,NA,18430980
North,2022-05-04,18,728,2496845,7,50096,NA,NA,18430980
North,2022-05-05,18,765,2497610,7,50103,NA,NA,18430980
North,2022-05-06,18,871,2498481,6,50109,NA,NA,18430980
North,2022-05-07,18,556,2499037,6,50115,NA,NA,18430980
North,2022-05-08,19,236,2499273,3,50118,NA,NA,18430980
North,2022-05-09,19,171,2499444,4,50122,NA,NA,18430980
North,2022-05-10,19,890,2500334,4,50126,NA,NA,18430980
North,2022-05-11,19,612,2500946,7,50133,NA,NA,18430980
North,2022-05-12,19,588,2501534,2,50135,NA,NA,18430980
North,2022-05-13,19,702,2502236,2,50137,NA,NA,18430980
North,2022-05-14,19,379,2502615,3,50140,NA,NA,18430980
North,2022-05-15,20,208,2502823,1,50141,NA,NA,18430980
North,2022-05-16,20,269,2503092,1,50142,NA,NA,18430980
North,2022-05-17,20,574,2503666,6,50148,NA,NA,18430980
North,2022-05-18,20,716,2504382,3,50151,NA,NA,18430980
North,2022-05-19,20,573,2504955,6,50157,NA,NA,18430980
North,2022-05-20,20,381,2505336,8,50165,NA,NA,18430980
North,2022-05-21,20,232,2505568,2,50167,NA,NA,18430980
North,2022-05-22,21,93,2505661,1,50168,NA,NA,18430980
North,2022-05-23,21,282,2505943,2,50170,NA,NA,18430980
North,2022-05-24,21,581,2506524,7,50177,NA,NA,18430980
North,2022-05-25,21,627,2507151,8,50185,NA,NA,18430980
North,2022-05-26,21,475,2507626,9,50194,NA,NA,18430980
North,2022-05-27,21,578,2508204,5,50199,NA,NA,18430980
North,2022-05-28,21,184,2508388,3,50202,NA,NA,18430980
North,2022-05-29,22,39,2508427,1,50203,NA,NA,18430980
North,2022-05-30,22,313,2508740,2,50205,NA,NA,18430980
North,2022-05-31,22,639,2509379,4,50209,NA,NA,18430980
North,2022-06-01,22,526,2509905,4,50213,NA,NA,18430980
North,2022-06-02,22,466,2510371,3,50216,NA,NA,18430980
North,2022-06-03,22,695,2511066,4,50220,NA,NA,18430980
North,2022-06-04,22,507,2511573,4,50224,NA,NA,18430980
North,2022-06-05,23,216,2511789,3,50227,NA,NA,18430980
North,2022-06-06,23,544,2512333,3,50230,NA,NA,18430980
North,2022-06-07,23,651,2512984,4,50234,NA,NA,18430980
North,2022-06-08,23,625,2513609,3,50237,NA,NA,18430980
North,2022-06-09,23,703,2514312,6,50243,NA,NA,18430980
North,2022-06-10,23,597,2514909,13,50256,NA,NA,18430980
North,2022-06-11,23,545,2515454,3,50259,NA,NA,18430980
North,2022-06-12,24,249,2515703,2,50261,NA,NA,18430980
North,2022-06-13,24,2347,2518050,4,50265,NA,NA,18430980
North,2022-06-14,24,790,2518840,7,50272,NA,NA,18430980
North,2022-06-15,24,863,2519703,2,50274,NA,NA,18430980
North,2022-06-16,24,692,2520395,2,50276,NA,NA,18430980
North,2022-06-17,24,524,2520919,4,50280,NA,NA,18430980
North,2022-06-18,24,324,2521243,6,50286,NA,NA,18430980
North,2022-06-19,25,337,2521580,3,50289,NA,NA,18430980
North,2022-06-20,25,2997,2524577,3,50292,NA,NA,18430980
North,2022-06-21,25,1459,2526036,7,50299,NA,NA,18430980
North,2022-06-22,25,1588,2527624,4,50303,NA,NA,18430980
North,2022-06-23,25,1787,2529411,4,50307,NA,NA,18430980
North,2022-06-24,25,1967,2531378,6,50313,NA,NA,18430980
North,2022-06-25,25,890,2532268,2,50315,NA,NA,18430980
North,2022-06-26,26,472,2532740,2,50317,NA,NA,18430980
North,2022-06-27,26,6853,2539593,6,50323,NA,NA,18430980
North,2022-06-28,26,4630,2544223,13,50336,NA,NA,18430980
North,2022-06-29,26,3459,2547682,6,50342,NA,NA,18430980
North,2022-06-30,26,5179,2552861,6,50348,NA,NA,18430980
Northeast,2022-01-01,52,1513,4951609,9,120028,NA,NA,57071654
Northeast,2022-01-02,1,465,4952074,18,120046,NA,NA,57071654
Northeast,2022-01-03,1,627,4952701,27,120073,NA,NA,57071654
Northeast,2022-01-04,1,1795,4954496,45,120118,NA,NA,57071654
Northeast,2022-01-05,1,2498,4956994,33,120151,NA,NA,57071654
Northeast,2022-01-06,1,3472,4960466,27,120178,NA,NA,57071654
Northeast,2022-01-07,1,15671,4976137,49,120227,NA,NA,57071654
Northeast,2022-01-08,1,3879,4980016,32,120259,NA,NA,57071654
Northeast,2022-01-09,2,3625,4983641,16,120275,NA,NA,57071654
Northeast,2022-01-10,2,3069,4986710,35,120310,NA,NA,57071654
Northeast,2022-01-11,2,4450,4991160,26,120336,NA,NA,57071654
Northeast,2022-01-12,2,4613,4995773,26,120362,NA,NA,57071654
Northeast,2022-01-13,2,6896,5002669,30,120392,NA,NA,57071654
Northeast,2022-01-14,2,9322,5011991,40,120432,NA,NA,57071654
Northeast,2022-01-15,2,4629,5016620,34,120466,NA,NA,57071654
Northeast,2022-01-16,3,5265,5021885,24,120490,NA,NA,57071654
Northeast,2022-01-17,3,3504,5025389,31,120521,NA,NA,57071654
Northeast,2022-01-18,3,10245,5035634,93,120614,NA,NA,57071654
Northeast,2022-01-19,3,14231,5049865,75,120689,NA,NA,57071654
Northeast,2022-01-20,3,16765,5066630,52,120741,NA,NA,57071654
Northeast,2022-01-21,3,13561,5080191,44,120785,NA,NA,57071654
Northeast,2022-01-22,3,18367,5098558,76,120861,NA,NA,57071654
Northeast,2022-01-23,4,51468,5150026,40,120901,NA,NA,57071654
Northeast,2022-01-24,4,9555,5159581,81,120982,NA,NA,57071654
Northeast,2022-01-25,4,22423,5182004,78,121060,NA,NA,57071654
Northeast,2022-01-26,4,21950,5203954,50,121110,NA,NA,57071654
Northeast,2022-01-27,4,35390,5239344,117,121227,NA,NA,57071654
Northeast,2022-01-28,4,55978,5295322,176,121403,NA,NA,57071654
Northeast,2022-01-29,4,25221,5320543,58,121461,NA,NA,57071654
Northeast,2022-01-30,5,56939,5377482,110,121571,NA,NA,57071654
Northeast,2022-01-31,5,15099,5392581,86,121657,NA,NA,57071654
Northeast,2022-02-01,5,28284,5420865,210,121867,NA,NA,57071654
Northeast,2022-02-02,5,26449,5447314,128,121995,NA,NA,57071654
Northeast,2022-02-03,5,58538,5505852,242,122237,NA,NA,57071654
Northeast,2022-02-04,5,52233,5558085,87,122324,NA,NA,57071654
Northeast,2022-02-05,5,28567,5586652,124,122448,NA,NA,57071654
Northeast,2022-02-06,6,12202,5598854,120,122568,NA,NA,57071654
Northeast,2022-02-07,6,11506,5610360,174,122742,NA,NA,57071654
Northeast,2022-02-08,6,25529,5635889,190,122932,NA,NA,57071654
Northeast,2022-02-09,6,34000,5669889,234,123166,NA,NA,57071654
Northeast,2022-02-10,6,30220,5700109,182,123348,NA,NA,57071654
Northeast,2022-02-11,6,30366,5730475,192,123540,NA,NA,57071654
Northeast,2022-02-12,6,30986,5761461,182,123722,NA,NA,57071654
Northeast,2022-02-13,7,13720,5775181,78,123800,NA,NA,57071654
Northeast,2022-02-14,7,9371,5784552,134,123934,NA,NA,57071654
Northeast,2022-02-15,7,17963,5802515,162,124096,NA,NA,57071654
Northeast,2022-02-16,7,25805,5828320,257,124353,NA,NA,57071654
Northeast,2022-02-17,7,31603,5859923,223,124576,NA,NA,57071654
Northeast,2022-02-18,7,23615,5883538,209,124785,NA,NA,57071654
Northeast,2022-02-19,7,15544,5899082,166,124951,NA,NA,57071654
Northeast,2022-02-20,8,7583,5906665,125,125076,NA,NA,57071654
Northeast,2022-02-21,8,3952,5910617,99,125175,NA,NA,57071654
Northeast,2022-02-22,8,16772,5927389,194,125369,NA,NA,57071654
Northeast,2022-02-23,8,19977,5947366,149,125518,NA,NA,57071654
Northeast,2022-02-24,8,17000,5964366,133,125651,NA,NA,57071654
Northeast,2022-02-25,8,15625,5979991,114,125765,NA,NA,57071654
Northeast,2022-02-26,8,15052,5995043,172,125937,NA,NA,57071654
Northeast,2022-02-27,9,4163,5999206,54,125991,NA,NA,57071654
Northeast,2022-02-28,9,3055,6002261,93,126084,NA,NA,57071654
Northeast,2022-03-01,9,5850,6008111,108,126192,NA,NA,57071654
Northeast,2022-03-02,9,6142,6014253,91,126283,NA,NA,57071654
Northeast,2022-03-03,9,7686,6021939,116,126399,NA,NA,57071654
Northeast,2022-03-04,9,11921,6033860,123,126522,NA,NA,57071654
Northeast,2022-03-05,9,8349,6042209,89,126611,NA,NA,57071654
Northeast,2022-03-06,10,1539,6043748,36,126647,NA,NA,57071654
Northeast,2022-03-07,10,4014,6047762,59,126706,NA,NA,57071654
Northeast,2022-03-08,10,7057,6054819,59,126765,NA,NA,57071654
Northeast,2022-03-09,10,10439,6065258,130,126895,NA,NA,57071654
Northeast,2022-03-10,10,8132,6073390,80,126975,NA,NA,57071654
Northeast,2022-03-11,10,8841,6082231,78,127053,NA,NA,57071654
Northeast,2022-03-12,10,7201,6089432,68,127121,NA,NA,57071654
Northeast,2022-03-13,11,2605,6092037,30,127151,NA,NA,57071654
Northeast,2022-03-14,11,1533,6093570,39,127190,NA,NA,57071654
Northeast,2022-03-15,11,6976,6100546,76,127266,NA,NA,57071654
Northeast,2022-03-16,11,7929,6108475,58,127324,NA,NA,57071654
Northeast,2022-03-17,11,9725,6118200,84,127408,NA,NA,57071654
Northeast,2022-03-18,11,6549,6124749,57,127465,NA,NA,57071654
Northeast,2022-03-19,11,7894,6132643,44,127509,NA,NA,57071654
Northeast,2022-03-20,12,1416,6134059,25,127534,NA,NA,57071654
Northeast,2022-03-21,12,1401,6135460,41,127575,NA,NA,57071654
Northeast,2022-03-22,12,5274,6140734,60,127635,NA,NA,57071654
Northeast,2022-03-23,12,7065,6147799,42,127677,NA,NA,57071654
Northeast,2022-03-24,12,6237,6154036,37,127714,NA,NA,57071654
Northeast,2022-03-25,12,4977,6159013,42,127756,NA,NA,57071654
Northeast,2022-03-26,12,3655,6162668,24,127780,NA,NA,57071654
Northeast,2022-03-27,13,2847,6165515,28,127808,NA,NA,57071654
Northeast,2022-03-28,13,1096,6166611,33,127841,NA,NA,57071654
Northeast,2022-03-29,13,4298,6170909,55,127896,NA,NA,57071654
Northeast,2022-03-30,13,4931,6175840,39,127935,NA,NA,57071654
Northeast,2022-03-31,13,3592,6179432,35,127970,NA,NA,57071654
Northeast,2022-04-01,13,4301,6183733,45,128015,NA,NA,57071654
Northeast,2022-04-02,13,3043,6186776,21,128036,NA,NA,57071654
Northeast,2022-04-03,14,1451,6188227,25,128061,NA,NA,57071654
Northeast,2022-04-04,14,1153,6189380,24,128085,NA,NA,57071654
Northeast,2022-04-05,14,2589,6191969,29,128114,NA,NA,57071654
Northeast,2022-04-06,14,4908,6196877,28,128142,NA,NA,57071654
Northeast,2022-04-07,14,4218,6201095,57,128199,NA,NA,57071654
Northeast,2022-04-08,14,3356,6204451,36,128235,NA,NA,57071654
Northeast,2022-04-09,14,2637,6207088,24,128259,NA,NA,57071654
Northeast,2022-04-10,15,607,6207695,16,128275,NA,NA,57071654
Northeast,2022-04-11,15,837,6208532,15,128290,NA,NA,57071654
Northeast,2022-04-12,15,2359,6210891,33,128323,NA,NA,57071654
Northeast,2022-04-13,15,3228,6214119,20,128343,NA,NA,57071654
Northeast,2022-04-14,15,2946,6217065,22,128365,NA,NA,57071654
Northeast,2022-04-15,15,2025,6219090,20,128385,NA,NA,57071654
Northeast,2022-04-16,15,499,6219589,8,128393,NA,NA,57071654
Northeast,2022-04-17,16,346,6219935,17,128410,NA,NA,57071654
Northeast,2022-04-18,16,640,6220575,20,128430,NA,NA,57071654
Northeast,2022-04-19,16,2620,6223195,37,128467,NA,NA,57071654
Northeast,2022-04-20,16,2760,6225955,13,128480,NA,NA,57071654
Northeast,2022-04-21,16,2583,6228538,13,128493,NA,NA,57071654
Northeast,2022-04-22,16,921,6229459,17,128510,NA,NA,57071654
Northeast,2022-04-23,16,892,6230351,14,128524,NA,NA,57071654
Northeast,2022-04-24,17,1273,6231624,13,128537,NA,NA,57071654
Northeast,2022-04-25,17,754,6232378,9,128546,NA,NA,57071654
Northeast,2022-04-26,17,2283,6234661,20,128566,NA,NA,57071654
Northeast,2022-04-27,17,2202,6236863,11,128577,NA,NA,57071654
Northeast,2022-04-28,17,1980,6238843,23,128600,NA,NA,57071654
Northeast,2022-04-29,17,1494,6240337,19,128619,NA,NA,57071654
Northeast,2022-04-30,17,1512,6241849,16,128635,NA,NA,57071654
Northeast,2022-05-01,18,429,6242278,8,128643,NA,NA,57071654
Northeast,2022-05-02,18,525,6242803,13,128656,NA,NA,57071654
Northeast,2022-05-03,18,1489,6244292,14,128670,NA,NA,57071654
Northeast,2022-05-04,18,1899,6246191,10,128680,NA,NA,57071654
Northeast,2022-05-05,18,1672,6247863,25,128705,NA,NA,57071654
Northeast,2022-05-06,18,1580,6249443,51,128756,NA,NA,57071654
Northeast,2022-05-07,18,1471,6250914,6,128762,NA,NA,57071654
Northeast,2022-05-08,19,1023,6251937,8,128770,NA,NA,57071654
Northeast,2022-05-09,19,342,6252279,10,128780,NA,NA,57071654
Northeast,2022-05-10,19,1240,6253519,24,128804,NA,NA,57071654
Northeast,2022-05-11,19,1783,6255302,10,128814,NA,NA,57071654
Northeast,2022-05-12,19,1572,6256874,15,128829,NA,NA,57071654
Northeast,2022-05-13,19,1743,6258617,11,128840,NA,NA,57071654
Northeast,2022-05-14,19,838,6259455,12,128852,NA,NA,57071654
Northeast,2022-05-15,20,337,6259792,3,128855,NA,NA,57071654
Northeast,2022-05-16,20,472,6260264,21,128876,NA,NA,57071654
Northeast,2022-05-17,20,1099,6261363,18,128894,NA,NA,57071654
Northeast,2022-05-18,20,537,6261900,9,128903,NA,NA,57071654
Northeast,2022-05-19,20,779,6262679,16,128919,NA,NA,57071654
Northeast,2022-05-20,20,323,6263002,20,128939,NA,NA,57071654
Northeast,2022-05-21,20,1114,6264116,13,128952,NA,NA,57071654
Northeast,2022-05-22,21,715,6264831,10,128962,NA,NA,57071654
Northeast,2022-05-23,21,413,6265244,8,128970,NA,NA,57071654
Northeast,2022-05-24,21,1767,6267011,21,128991,NA,NA,57071654
Northeast,2022-05-25,21,1975,6268986,17,129008,NA,NA,57071654
Northeast,2022-05-26,21,1428,6270414,10,129018,NA,NA,57071654
Northeast,2022-05-27,21,1952,6272366,6,129024,NA,NA,57071654
Northeast,2022-05-28,21,1471,6273837,21,129045,NA,NA,57071654
Northeast,2022-05-29,22,363,6274200,5,129050,NA,NA,57071654
Northeast,2022-05-30,22,1778,6275978,20,129070,NA,NA,57071654
Northeast,2022-05-31,22,1422,6277400,15,129085,NA,NA,57071654
Northeast,2022-06-01,22,2194,6279594,17,129102,NA,NA,57071654
Northeast,2022-06-02,22,2061,6281655,16,129118,NA,NA,57071654
Northeast,2022-06-03,22,1494,6283149,12,129130,NA,NA,57071654
Northeast,2022-06-04,22,1607,6284756,8,129138,NA,NA,57071654
Northeast,2022-06-05,23,706,6285462,4,129142,NA,NA,57071654
Northeast,2022-06-06,23,2918,6288380,16,129158,NA,NA,57071654
Northeast,2022-06-07,23,3153,6291533,21,129179,NA,NA,57071654
Northeast,2022-06-08,23,3070,6294603,9,129188,NA,NA,57071654
Northeast,2022-06-09,23,3814,6298417,10,129198,NA,NA,57071654
Northeast,2022-06-10,23,3757,6302174,17,129215,NA,NA,57071654
Northeast,2022-06-11,23,3250,6305424,9,129224,NA,NA,57071654
Northeast,2022-06-12,24,1437,6306861,10,129234,NA,NA,57071654
Northeast,2022-06-13,24,1848,6308709,10,129244,NA,NA,57071654
Northeast,2022-06-14,24,4045,6312754,14,129258,NA,NA,57071654
Northeast,2022-06-15,24,4830,6317584,9,129267,NA,NA,57071654
Northeast,2022-06-16,24,5040,6322624,12,129279,NA,NA,57071654
Northeast,2022-06-17,24,3855,6326479,12,129291,NA,NA,57071654
Northeast,2022-06-18,24,3830,6330309,14,129305,NA,NA,57071654
Northeast,2022-06-19,25,2457,6332766,18,129323,NA,NA,57071654
Northeast,2022-06-20,25,1423,6334189,17,129340,NA,NA,57071654
Northeast,2022-06-21,25,7465,6341654,32,129372,NA,NA,57071654
Northeast,2022-06-22,25,6161,6347815,34,129406,NA,NA,57071654
Northeast,2022-06-23,25,11971,6359786,20,129426,NA,NA,57071654
Northeast,2022-06-24,25,7774,6367560,18,129444,NA,NA,57071654
Northeast,2022-06-25,25,4553,6372113,10,129454,NA,NA,57071654
Northeast,2022-06-26,26,6172,6378285,14,129468,NA,NA,57071654
Northeast,2022-06-27,26,1609,6379894,20,129488,NA,NA,57071654
Northeast,2022-06-28,26,10089,6389983,33,129521,NA,NA,57071654
Northeast,2022-06-29,26,12910,6402893,21,129542,NA,NA,57071654
Northeast,2022-06-30,26,12909,6415802,34,129576,NA,NA,57071654
South,2022-01-01,52,989,4349943,2,97521,NA,NA,29975984
South,2022-01-02,1,799,4350742,2,97523,NA,NA,29975984
South,2022-01-03,1,2413,4353155,7,97530,NA,NA,29975984
South,2022-01-04,1,6048,4359203,28,97558,NA,NA,29975984
South,2022-01-05,1,8503,4367706,19,97577,NA,NA,29975984
South,2022-01-06,1,13056,4380762,14,97591,NA,NA,29975984
South,2022-01-07,1,17281,4398043,18,97609,NA,NA,29975984
South,2022-01-08,1,19574,4417617,8,97617,NA,NA,29975984
South,2022-01-09,2,5144,4422761,1,97618,NA,NA,29975984
South,2022-01-10,2,11654,4434415,10,97628,NA,NA,29975984
South,2022-01-11,2,25344,4459759,26,97654,NA,NA,29975984
South,2022-01-12,2,29784,4489543,18,97672,NA,NA,29975984
South,2022-01-13,2,33215,4522758,20,97692,NA,NA,29975984
South,2022-01-14,2,38899,4561657,24,97716,NA,NA,29975984
South,2022-01-15,2,12954,4574611,4,97720,NA,NA,29975984
South,2022-01-16,3,7814,4582425,13,97733,NA,NA,29975984
South,2022-01-17,3,27029,4609454,24,97757,NA,NA,29975984
South,2022-01-18,3,47679,4657133,41,97798,NA,NA,29975984
South,2022-01-19,3,46577,4703710,25,97823,NA,NA,29975984
South,2022-01-20,3,53163,4756873,29,97852,NA,NA,29975984
South,2022-01-21,3,51177,4808050,52,97904,NA,NA,29975984
South,2022-01-22,3,48068,4856118,74,97978,NA,NA,29975984
South,2022-01-23,4,24231,4880349,22,98000,NA,NA,29975984
South,2022-01-24,4,19899,4900248,33,98033,NA,NA,29975984
South,2022-01-25,4,54108,4954356,111,98144,NA,NA,29975984
South,2022-01-26,4,58388,5012744,117,98261,NA,NA,29975984
South,2022-01-27,4,61985,5074729,113,98374,NA,NA,29975984
South,2022-01-28,4,65664,5140393,129,98503,NA,NA,29975984
South,2022-01-29,4,51537,5191930,77,98580,NA,NA,29975984
South,2022-01-30,5,21303,5213233,24,98604,NA,NA,29975984
South,2022-01-31,5,7634,5220867,39,98643,NA,NA,29975984
South,2022-02-01,5,58793,5279660,210,98853,NA,NA,29975984
South,2022-02-02,5,44490,5324150,131,98984,NA,NA,29975984
South,2022-02-03,5,80820,5404970,81,99065,NA,NA,29975984
South,2022-02-04,5,53318,5458288,156,99221,NA,NA,29975984
South,2022-02-05,5,42312,5500600,127,99348,NA,NA,29975984
South,2022-02-06,6,14312,5514912,36,99384,NA,NA,29975984
South,2022-02-07,6,13406,5528318,56,99440,NA,NA,29975984
South,2022-02-08,6,48063,5576381,232,99672,NA,NA,29975984
South,2022-02-09,6,46330,5622711,158,99830,NA,NA,29975984
South,2022-02-10,6,40304,5663015,116,99946,NA,NA,29975984
South,2022-02-11,6,41017,5704032,172,100118,NA,NA,29975984
South,2022-02-12,6,39939,5743971,162,100280,NA,NA,29975984
South,2022-02-13,7,13148,5757119,33,100313,NA,NA,29975984
South,2022-02-14,7,13586,5770705,63,100376,NA,NA,29975984
South,2022-02-15,7,37156,5807861,175,100551,NA,NA,29975984
South,2022-02-16,7,38206,5846067,129,100680,NA,NA,29975984
South,2022-02-17,7,31776,5877843,156,100836,NA,NA,29975984
South,2022-02-18,7,35675,5913518,170,101006,NA,NA,29975984
South,2022-02-19,7,30699,5944217,95,101101,NA,NA,29975984
South,2022-02-20,8,10383,5954600,44,101145,NA,NA,29975984
South,2022-02-21,8,8350,5962950,61,101206,NA,NA,29975984
South,2022-02-22,8,30608,5993558,120,101326,NA,NA,29975984
South,2022-02-23,8,28627,6022185,160,101486,NA,NA,29975984
South,2022-02-24,8,24797,6046982,149,101635,NA,NA,29975984
South,2022-02-25,8,23174,6070156,108,101743,NA,NA,29975984
South,2022-02-26,8,20140,6090296,144,101887,NA,NA,29975984
South,2022-02-27,9,3471,6093767,15,101902,NA,NA,29975984
South,2022-02-28,9,8177,6101944,45,101947,NA,NA,29975984
South,2022-03-01,9,5130,6107074,38,101985,NA,NA,29975984
South,2022-03-02,9,12800,6119874,70,102055,NA,NA,29975984
South,2022-03-03,9,18252,6138126,132,102187,NA,NA,29975984
South,2022-03-04,9,16975,6155101,136,102323,NA,NA,29975984
South,2022-03-05,9,14730,6169831,90,102413,NA,NA,29975984
South,2022-03-06,10,2817,6172648,18,102431,NA,NA,29975984
South,2022-03-07,10,3601,6176249,31,102462,NA,NA,29975984
South,2022-03-08,10,17240,6193489,119,102581,NA,NA,29975984
South,2022-03-09,10,12286,6205775,130,102711,NA,NA,29975984
South,2022-03-10,10,12643,6218418,97,102808,NA,NA,29975984
South,2022-03-11,10,11049,6229467,54,102862,NA,NA,29975984
South,2022-03-12,10,12946,6242413,55,102917,NA,NA,29975984
South,2022-03-13,11,2981,6245394,13,102930,NA,NA,29975984
South,2022-03-14,11,2908,6248302,36,102966,NA,NA,29975984
South,2022-03-15,11,11283,6259585,98,103064,NA,NA,29975984
South,2022-03-16,11,9887,6269472,58,103122,NA,NA,29975984
South,2022-03-17,11,9894,6279366,64,103186,NA,NA,29975984
South,2022-03-18,11,7123,6286489,58,103244,NA,NA,29975984
South,2022-03-19,11,9284,6295773,47,103291,NA,NA,29975984
South,2022-03-20,12,2547,6298320,10,103301,NA,NA,29975984
South,2022-03-21,12,1945,6300265,12,103313,NA,NA,29975984
South,2022-03-22,12,7898,6308163,66,103379,NA,NA,29975984
South,2022-03-23,12,11398,6319561,45,103424,NA,NA,29975984
South,2022-03-24,12,7767,6327328,37,103461,NA,NA,29975984
South,2022-03-25,12,6939,6334267,37,103498,NA,NA,29975984
South,2022-03-26,12,6775,6341042,29,103527,NA,NA,29975984
South,2022-03-27,13,1973,6343015,2,103529,NA,NA,29975984
South,2022-03-28,13,1284,6344299,7,103536,NA,NA,29975984
South,2022-03-29,13,7194,6351493,47,103583,NA,NA,29975984
South,2022-03-30,13,7211,6358704,36,103619,NA,NA,29975984
South,2022-03-31,13,7478,6366182,25,103644,NA,NA,29975984
South,2022-04-01,13,4888,6371070,31,103675,NA,NA,29975984
South,2022-04-02,13,5690,6376760,13,103688,NA,NA,29975984
South,2022-04-03,14,1435,6378195,1,103689,NA,NA,29975984
South,2022-04-04,14,954,6379149,6,103695,NA,NA,29975984
South,2022-04-05,14,5814,6384963,44,103739,NA,NA,29975984
South,2022-04-06,14,5824,6390787,21,103760,NA,NA,29975984
South,2022-04-07,14,5270,6396057,35,103795,NA,NA,29975984
South,2022-04-08,14,6416,6402473,24,103819,NA,NA,29975984
South,2022-04-09,14,5490,6407963,16,103835,NA,NA,29975984
South,2022-04-10,15,2707,6410670,5,103840,NA,NA,29975984
South,2022-04-11,15,705,6411375,2,103842,NA,NA,29975984
South,2022-04-12,15,5058,6416433,43,103885,NA,NA,29975984
South,2022-04-13,15,5867,6422300,26,103911,NA,NA,29975984
South,2022-04-14,15,6616,6428916,27,103938,NA,NA,29975984
South,2022-04-15,15,5055,6433971,18,103956,NA,NA,29975984
South,2022-04-16,15,844,6434815,6,103962,NA,NA,29975984
South,2022-04-17,16,1151,6435966,3,103965,NA,NA,29975984
South,2022-04-18,16,686,6436652,3,103968,NA,NA,29975984
South,2022-04-19,16,5623,6442275,26,103994,NA,NA,29975984
South,2022-04-20,16,6675,6448950,27,104021,NA,NA,29975984
South,2022-04-21,16,6443,6455393,35,104056,NA,NA,29975984
South,2022-04-22,16,1669,6457062,4,104060,NA,NA,29975984
South,2022-04-23,16,4664,6461726,10,104070,NA,NA,29975984
South,2022-04-24,17,1623,6463349,3,104073,NA,NA,29975984
South,2022-04-25,17,1616,6464965,16,104089,NA,NA,29975984
South,2022-04-26,17,6227,6471192,24,104113,NA,NA,29975984
South,2022-04-27,17,6515,6477707,12,104125,NA,NA,29975984
South,2022-04-28,17,6490,6484197,17,104142,NA,NA,29975984
South,2022-04-29,17,5088,6489285,21,104163,NA,NA,29975984
South,2022-04-30,17,6310,6495595,8,104171,NA,NA,29975984
South,2022-05-01,18,2421,6498016,2,104173,NA,NA,29975984
South,2022-05-02,18,889,6498905,3,104176,NA,NA,29975984
South,2022-05-03,18,7448,6506353,10,104186,NA,NA,29975984
South,2022-05-04,18,6473,6512826,6,104192,NA,NA,29975984
South,2022-05-05,18,7053,6519879,38,104230,NA,NA,29975984
South,2022-05-06,18,6732,6526611,9,104239,NA,NA,29975984
South,2022-05-07,18,7109,6533720,18,104257,NA,NA,29975984
South,2022-05-08,19,2352,6536072,2,104259,NA,NA,29975984
South,2022-05-09,19,1299,6537371,6,104265,NA,NA,29975984
South,2022-05-10,19,8416,6545787,18,104283,NA,NA,29975984
South,2022-05-11,19,9111,6554898,30,104313,NA,NA,29975984
South,2022-05-12,19,9186,6564084,27,104340,NA,NA,29975984
South,2022-05-13,19,10283,6574367,17,104357,NA,NA,29975984
South,2022-05-14,19,9563,6583930,23,104380,NA,NA,29975984
South,2022-05-15,20,3229,6587159,2,104382,NA,NA,29975984
South,2022-05-16,20,1919,6589078,1,104383,NA,NA,29975984
South,2022-05-17,20,11845,6600923,29,104412,NA,NA,29975984
South,2022-05-18,20,4755,6605678,26,104438,NA,NA,29975984
South,2022-05-19,20,4187,6609865,23,104461,NA,NA,29975984
South,2022-05-20,20,4711,6614576,22,104483,NA,NA,29975984
South,2022-05-21,20,13049,6627625,20,104503,NA,NA,29975984
South,2022-05-22,21,3996,6631621,2,104505,NA,NA,29975984
South,2022-05-23,21,2298,6633919,5,104510,NA,NA,29975984
South,2022-05-24,21,17657,6651576,59,104569,NA,NA,29975984
South,2022-05-25,21,-10386,6641190,19,104588,NA,NA,29975984
South,2022-05-26,21,11935,6653125,25,104613,NA,NA,29975984
South,2022-05-27,21,17712,6670837,16,104629,NA,NA,29975984
South,2022-05-28,21,13764,6684601,21,104650,NA,NA,29975984
South,2022-05-29,22,4443,6689044,34,104684,NA,NA,29975984
South,2022-05-30,22,2862,6691906,14,104698,NA,NA,29975984
South,2022-05-31,22,14586,6706492,43,104741,NA,NA,29975984
South,2022-06-01,22,12424,6718916,33,104774,NA,NA,29975984
South,2022-06-02,22,11880,6730796,23,104797,NA,NA,29975984
South,2022-06-03,22,13988,6744784,22,104819,NA,NA,29975984
South,2022-06-04,22,10636,6755420,13,104832,NA,NA,29975984
South,2022-06-05,23,3126,6758546,3,104835,NA,NA,29975984
South,2022-06-06,23,2503,6761049,6,104841,NA,NA,29975984
South,2022-06-07,23,12415,6773464,53,104894,NA,NA,29975984
South,2022-06-08,23,12954,6786418,99,104993,NA,NA,29975984
South,2022-06-09,23,10013,6796431,40,105033,NA,NA,29975984
South,2022-06-10,23,10899,6807330,32,105065,NA,NA,29975984
South,2022-06-11,23,10364,6817694,40,105105,NA,NA,29975984
South,2022-06-12,24,3694,6821388,6,105111,NA,NA,29975984
South,2022-06-13,24,1999,6823387,4,105115,NA,NA,29975984
South,2022-06-14,24,10400,6833787,41,105156,NA,NA,29975984
South,2022-06-15,24,10068,6843855,55,105211,NA,NA,29975984
South,2022-06-16,24,10211,6854066,40,105251,NA,NA,29975984
South,2022-06-17,24,3162,6857228,13,105264,NA,NA,29975984
South,2022-06-18,24,7934,6865162,31,105295,NA,NA,29975984
South,2022-06-19,25,3324,6868486,14,105309,NA,NA,29975984
South,2022-06-20,25,2452,6870938,4,105313,NA,NA,29975984
South,2022-06-21,25,11559,6882497,33,105346,NA,NA,29975984
South,2022-06-22,25,10270,6892767,42,105388,NA,NA,29975984
South,2022-06-23,25,10841,6903608,96,105484,NA,NA,29975984
South,2022-06-24,25,10901,6914509,65,105549,NA,NA,29975984
South,2022-06-25,25,11017,6925526,48,105597,NA,NA,29975984
South,2022-06-26,26,4040,6929566,12,105609,NA,NA,29975984
South,2022-06-27,26,3054,6932620,10,105619,NA,NA,29975984
South,2022-06-28,26,10846,6943466,75,105694,NA,NA,29975984
South,2022-06-29,26,10345,6953811,83,105777,NA,NA,29975984
South,2022-06-30,26,10751,6964562,53,105830,NA,NA,29975984
Southeast,2022-01-01,52,1011,8663799,15,294674,NA,NA,88371433
Southeast,2022-01-02,1,364,8664163,4,294678,NA,NA,88371433
Southeast,2022-01-03,1,5998,8670161,13,294691,NA,NA,88371433
Southeast,2022-01-04,1,7367,8677528,83,294774,NA,NA,88371433
Southeast,2022-01-05,1,11791,8689319,52,294826,NA,NA,88371433
Southeast,2022-01-06,1,12727,8702046,61,294887,NA,NA,88371433
Southeast,2022-01-07,1,22278,8724324,44,294931,NA,NA,88371433
Southeast,2022-01-08,1,21616,8745940,47,294978,NA,NA,88371433
Southeast,2022-01-09,2,13852,8759792,20,294998,NA,NA,88371433
Southeast,2022-01-10,2,11071,8770863,14,295012,NA,NA,88371433
Southeast,2022-01-11,2,26243,8797106,51,295063,NA,NA,88371433
Southeast,2022-01-12,2,39604,8836710,69,295132,NA,NA,88371433
Southeast,2022-01-13,2,38305,8875015,81,295213,NA,NA,88371433
Southeast,2022-01-14,2,47657,8922672,138,295351,NA,NA,88371433
Southeast,2022-01-15,2,24918,8947590,116,295467,NA,NA,88371433
Southeast,2022-01-16,3,6586,8954176,28,295495,NA,NA,88371433
Southeast,2022-01-17,3,25490,8979666,40,295535,NA,NA,88371433
Southeast,2022-01-18,3,55207,9034873,154,295689,NA,NA,88371433
Southeast,2022-01-19,3,116017,9150890,189,295878,NA,NA,88371433
Southeast,2022-01-20,3,68581,9219471,217,296095,NA,NA,88371433
Southeast,2022-01-21,3,71629,9291100,191,296286,NA,NA,88371433
Southeast,2022-01-22,3,67806,9358906,52,296338,NA,NA,88371433
Southeast,2022-01-23,4,47996,9406902,209,296547,NA,NA,88371433
Southeast,2022-01-24,4,24220,9431122,84,296631,NA,NA,88371433
Southeast,2022-01-25,4,62173,9493295,249,296880,NA,NA,88371433
Southeast,2022-01-26,4,108385,9601680,283,297163,NA,NA,88371433
Southeast,2022-01-27,4,100790,9702470,372,297535,NA,NA,88371433
Southeast,2022-01-28,4,106533,9809003,378,297913,NA,NA,88371433
Southeast,2022-01-29,4,82788,9891791,451,298364,NA,NA,88371433
Southeast,2022-01-30,5,46428,9938219,164,298528,NA,NA,88371433
Southeast,2022-01-31,5,21785,9960004,33,298561,NA,NA,88371433
Southeast,2022-02-01,5,77076,10037080,404,298965,NA,NA,88371433
Southeast,2022-02-02,5,74716,10111796,549,299514,NA,NA,88371433
Southeast,2022-02-03,5,110772,10222568,560,300074,NA,NA,88371433
Southeast,2022-02-04,5,43490,10266058,114,300188,NA,NA,88371433
Southeast,2022-02-05,5,107806,10373864,959,301147,NA,NA,88371433
Southeast,2022-02-06,6,26317,10400181,203,301350,NA,NA,88371433
Southeast,2022-02-07,6,14101,10414282,73,301423,NA,NA,88371433
Southeast,2022-02-08,6,71694,10485976,633,302056,NA,NA,88371433
Southeast,2022-02-09,6,66374,10552350,757,302813,NA,NA,88371433
Southeast,2022-02-10,6,64029,10616379,528,303341,NA,NA,88371433
Southeast,2022-02-11,6,65707,10682086,635,303976,NA,NA,88371433
Southeast,2022-02-12,6,53078,10735164,480,304456,NA,NA,88371433
Southeast,2022-02-13,7,20086,10755250,174,304630,NA,NA,88371433
Southeast,2022-02-14,7,11694,10766944,101,304731,NA,NA,88371433
Southeast,2022-02-15,7,40670,10807614,381,305112,NA,NA,88371433
Southeast,2022-02-16,7,58686,10866300,579,305691,NA,NA,88371433
Southeast,2022-02-17,7,42918,10909218,606,306297,NA,NA,88371433
Southeast,2022-02-18,7,37045,10946263,587,306884,NA,NA,88371433
Southeast,2022-02-19,7,49831,10996094,521,307405,NA,NA,88371433
Southeast,2022-02-20,8,14940,11011034,186,307591,NA,NA,88371433
Southeast,2022-02-21,8,8269,11019303,63,307654,NA,NA,88371433
Southeast,2022-02-22,8,36108,11055411,378,308032,NA,NA,88371433
Southeast,2022-02-23,8,65343,11120754,552,308584,NA,NA,88371433
Southeast,2022-02-24,8,35853,11156607,583,309167,NA,NA,88371433
Southeast,2022-02-25,8,34495,11191102,446,309613,NA,NA,88371433
Southeast,2022-02-26,8,28652,11219754,329,309942,NA,NA,88371433
Southeast,2022-02-27,9,11062,11230816,117,310059,NA,NA,88371433
Southeast,2022-02-28,9,4126,11234942,24,310083,NA,NA,88371433
Southeast,2022-03-01,9,8502,11243444,94,310177,NA,NA,88371433
Southeast,2022-03-02,9,4544,11247988,117,310294,NA,NA,88371433
Southeast,2022-03-03,9,25528,11273516,257,310551,NA,NA,88371433
Southeast,2022-03-04,9,26179,11299695,312,310863,NA,NA,88371433
Southeast,2022-03-05,9,26209,11325904,415,311278,NA,NA,88371433
Southeast,2022-03-06,10,7756,11333660,132,311410,NA,NA,88371433
Southeast,2022-03-07,10,3433,11337093,48,311458,NA,NA,88371433
Southeast,2022-03-08,10,35219,11372312,245,311703,NA,NA,88371433
Southeast,2022-03-09,10,17484,11389796,318,312021,NA,NA,88371433
Southeast,2022-03-10,10,23946,11413742,325,312346,NA,NA,88371433
Southeast,2022-03-11,10,22384,11436126,243,312589,NA,NA,88371433
Southeast,2022-03-12,10,20355,11456481,231,312820,NA,NA,88371433
Southeast,2022-03-13,11,7024,11463505,80,312900,NA,NA,88371433
Southeast,2022-03-14,11,2605,11466110,49,312949,NA,NA,88371433
Southeast,2022-03-15,11,21921,11488031,116,313065,NA,NA,88371433
Southeast,2022-03-16,11,18517,11506548,198,313263,NA,NA,88371433
Southeast,2022-03-17,11,18777,11525325,265,313528,NA,NA,88371433
Southeast,2022-03-18,11,23216,11548541,230,313758,NA,NA,88371433
Southeast,2022-03-19,11,17188,11565729,191,313949,NA,NA,88371433
Southeast,2022-03-20,12,6913,11572642,63,314012,NA,NA,88371433
Southeast,2022-03-21,12,2790,11575432,17,314029,NA,NA,88371433
Southeast,2022-03-22,12,18666,11594098,161,314190,NA,NA,88371433
Southeast,2022-03-23,12,19929,11614027,160,314350,NA,NA,88371433
Southeast,2022-03-24,12,16585,11630612,196,314546,NA,NA,88371433
Southeast,2022-03-25,12,15886,11646498,151,314697,NA,NA,88371433
Southeast,2022-03-26,12,14659,11661157,123,314820,NA,NA,88371433
Southeast,2022-03-27,13,4623,11665780,75,314895,NA,NA,88371433
Southeast,2022-03-28,13,3135,11668915,19,314914,NA,NA,88371433
Southeast,2022-03-29,13,14335,11683250,156,315070,NA,NA,88371433
Southeast,2022-03-30,13,14307,11697557,161,315231,NA,NA,88371433
Southeast,2022-03-31,13,15571,11713128,163,315394,NA,NA,88371433
Southeast,2022-04-01,13,13086,11726214,117,315511,NA,NA,88371433
Southeast,2022-04-02,13,6760,11732974,46,315557,NA,NA,88371433
Southeast,2022-04-03,14,2235,11735209,4,315561,NA,NA,88371433
Southeast,2022-04-04,14,9668,11744877,119,315680,NA,NA,88371433
Southeast,2022-04-05,14,12325,11757202,109,315789,NA,NA,88371433
Southeast,2022-04-06,14,12588,11769790,104,315893,NA,NA,88371433
Southeast,2022-04-07,14,10902,11780692,131,316024,NA,NA,88371433
Southeast,2022-04-08,14,12761,11793453,69,316093,NA,NA,88371433
Southeast,2022-04-09,14,8525,11801978,43,316136,NA,NA,88371433
Southeast,2022-04-10,15,3457,11805435,13,316149,NA,NA,88371433
Southeast,2022-04-11,15,4759,11810194,38,316187,NA,NA,88371433
Southeast,2022-04-12,15,11674,11821868,62,316249,NA,NA,88371433
Southeast,2022-04-13,15,11522,11833390,92,316341,NA,NA,88371433
Southeast,2022-04-14,15,9031,11842421,57,316398,NA,NA,88371433
Southeast,2022-04-15,15,5196,11847617,60,316458,NA,NA,88371433
Southeast,2022-04-16,15,1291,11848908,8,316466,NA,NA,88371433
Southeast,2022-04-17,16,518,11849426,0,316466,NA,NA,88371433
Southeast,2022-04-18,16,4541,11853967,32,316498,NA,NA,88371433
Southeast,2022-04-19,16,2012,11855979,46,316544,NA,NA,88371433
Southeast,2022-04-20,16,25125,11881104,210,316754,NA,NA,88371433
Southeast,2022-04-21,16,7488,11888592,26,316780,NA,NA,88371433
Southeast,2022-04-22,16,4113,11892705,23,316803,NA,NA,88371433
Southeast,2022-04-23,16,463,11893168,11,316814,NA,NA,88371433
Southeast,2022-04-24,17,660,11893828,17,316831,NA,NA,88371433
Southeast,2022-04-25,17,1969,11895797,29,316860,NA,NA,88371433
Southeast,2022-04-26,17,9171,11904968,77,316937,NA,NA,88371433
Southeast,2022-04-27,17,9037,11914005,183,317120,NA,NA,88371433
Southeast,2022-04-28,17,7806,11921811,64,317184,NA,NA,88371433
Southeast,2022-04-29,17,6021,11927832,123,317307,NA,NA,88371433
Southeast,2022-04-30,17,6009,11933841,41,317348,NA,NA,88371433
Southeast,2022-05-01,18,3046,11936887,3,317351,NA,NA,88371433
Southeast,2022-05-02,18,3318,11940205,57,317408,NA,NA,88371433
Southeast,2022-05-03,18,9037,11949242,56,317464,NA,NA,88371433
Southeast,2022-05-04,18,8582,11957824,21,317485,NA,NA,88371433
Southeast,2022-05-05,18,10082,11967906,55,317540,NA,NA,88371433
Southeast,2022-05-06,18,8743,11976649,110,317650,NA,NA,88371433
Southeast,2022-05-07,18,4754,11981403,5,317655,NA,NA,88371433
Southeast,2022-05-08,19,2183,11983586,0,317655,NA,NA,88371433
Southeast,2022-05-09,19,6308,11989894,30,317685,NA,NA,88371433
Southeast,2022-05-10,19,7981,11997875,121,317806,NA,NA,88371433
Southeast,2022-05-11,19,9239,12007114,75,317881,NA,NA,88371433
Southeast,2022-05-12,19,8234,12015348,79,317960,NA,NA,88371433
Southeast,2022-05-13,19,10126,12025474,96,318056,NA,NA,88371433
Southeast,2022-05-14,19,3838,12029312,52,318108,NA,NA,88371433
Southeast,2022-05-15,20,2438,12031750,41,318149,NA,NA,88371433
Southeast,2022-05-16,20,8615,12040365,40,318189,NA,NA,88371433
Southeast,2022-05-17,20,9592,12049957,144,318333,NA,NA,88371433
Southeast,2022-05-18,20,5434,12055391,54,318387,NA,NA,88371433
Southeast,2022-05-19,20,4032,12059423,59,318446,NA,NA,88371433
Southeast,2022-05-20,20,2773,12062196,3,318449,NA,NA,88371433
Southeast,2022-05-21,20,204,12062400,0,318449,NA,NA,88371433
Southeast,2022-05-22,21,7675,12070075,86,318535,NA,NA,88371433
Southeast,2022-05-23,21,8170,12078245,19,318554,NA,NA,88371433
Southeast,2022-05-24,21,11270,12089515,128,318682,NA,NA,88371433
Southeast,2022-05-25,21,14324,12103839,87,318769,NA,NA,88371433
Southeast,2022-05-26,21,15175,12119014,78,318847,NA,NA,88371433
Southeast,2022-05-27,21,13650,12132664,89,318936,NA,NA,88371433
Southeast,2022-05-28,21,7015,12139679,26,318962,NA,NA,88371433
Southeast,2022-05-29,22,2999,12142678,21,318983,NA,NA,88371433
Southeast,2022-05-30,22,14042,12156720,22,319005,NA,NA,88371433
Southeast,2022-05-31,22,17903,12174623,86,319091,NA,NA,88371433
Southeast,2022-06-01,22,20769,12195392,61,319152,NA,NA,88371433
Southeast,2022-06-02,22,19736,12215128,87,319239,NA,NA,88371433
Southeast,2022-06-03,22,12190,12227318,2,319241,NA,NA,88371433
Southeast,2022-06-04,22,586,12227904,1,319242,NA,NA,88371433
Southeast,2022-06-05,23,234,12228138,0,319242,NA,NA,88371433
Southeast,2022-06-06,23,21156,12249294,3,319245,NA,NA,88371433
Southeast,2022-06-07,23,43467,12292761,189,319434,NA,NA,88371433
Southeast,2022-06-08,23,25183,12317944,182,319616,NA,NA,88371433
Southeast,2022-06-09,23,20661,12338605,80,319696,NA,NA,88371433
Southeast,2022-06-10,23,29881,12368486,98,319794,NA,NA,88371433
Southeast,2022-06-11,23,9083,12377569,62,319856,NA,NA,88371433
Southeast,2022-06-12,24,4507,12382076,9,319865,NA,NA,88371433
Southeast,2022-06-13,24,21926,12404002,42,319907,NA,NA,88371433
Southeast,2022-06-14,24,19049,12423051,66,319973,NA,NA,88371433
Southeast,2022-06-15,24,39275,12462326,257,320230,NA,NA,88371433
Southeast,2022-06-16,24,10855,12473181,87,320317,NA,NA,88371433
Southeast,2022-06-17,24,12109,12485290,38,320355,NA,NA,88371433
Southeast,2022-06-18,24,5076,12490366,41,320396,NA,NA,88371433
Southeast,2022-06-19,25,2960,12493326,20,320416,NA,NA,88371433
Southeast,2022-06-20,25,29846,12523172,53,320469,NA,NA,88371433
Southeast,2022-06-21,25,31831,12555003,125,320594,NA,NA,88371433
Southeast,2022-06-22,25,37419,12592422,48,320642,NA,NA,88371433
Southeast,2022-06-23,25,32255,12624677,199,320841,NA,NA,88371433
Southeast,2022-06-24,25,25804,12650481,218,321059,NA,NA,88371433
Southeast,2022-06-25,25,19759,12670240,75,321134,NA,NA,88371433
Southeast,2022-06-26,26,3645,12673885,7,321141,NA,NA,88371433
Southeast,2022-06-27,26,28377,12702262,79,321220,NA,NA,88371433
Southeast,2022-06-28,26,36669,12738931,150,321370,NA,NA,88371433
Southeast,2022-06-29,26,34791,12773722,148,321518,NA,NA,88371433
Southeast,2022-06-30,26,33969,12807691,167,321685,NA,NA,88371433
Midwest,2022-07-01,26,12101,3629203,51,64028,NA,NA,16297074
Midwest,2022-07-02,26,3452,3632655,14,64042,NA,NA,16297074
Midwest,2022-07-03,27,3500,3636155,0,64042,NA,NA,16297074
Midwest,2022-07-04,27,8979,3645134,22,64064,NA,NA,16297074
Midwest,2022-07-05,27,11442,3656576,52,64116,NA,NA,16297074
Midwest,2022-07-06,27,13096,3669672,44,64160,NA,NA,16297074
Midwest,2022-07-07,27,7881,3677553,15,64175,NA,NA,16297074
Midwest,2022-07-08,27,10419,3687972,14,64189,NA,NA,16297074
Midwest,2022-07-09,27,6782,3694754,9,64198,NA,NA,16297074
Midwest,2022-07-10,28,6935,3701689,0,64198,NA,NA,16297074
Midwest,2022-07-11,28,7360,3709049,22,64220,NA,NA,16297074
Midwest,2022-07-12,28,9755,3718804,35,64255,NA,NA,16297074
Midwest,2022-07-13,28,11002,3729806,18,64273,NA,NA,16297074
Midwest,2022-07-14,28,10776,3740582,35,64308,NA,NA,16297074
Midwest,2022-07-15,28,8838,3749420,18,64326,NA,NA,16297074
Midwest,2022-07-16,28,2239,3751659,2,64328,NA,NA,16297074
Midwest,2022-07-17,29,943,3752602,1,64329,NA,NA,16297074
Midwest,2022-07-18,29,9591,3762193,28,64357,NA,NA,16297074
Midwest,2022-07-19,29,5485,3767678,43,64400,NA,NA,16297074
Midwest,2022-07-20,29,5828,3773506,13,64413,NA,NA,16297074
Midwest,2022-07-21,29,7450,3780956,28,64441,NA,NA,16297074
Midwest,2022-07-22,29,4694,3785650,12,64453,NA,NA,16297074
Midwest,2022-07-23,29,1397,3787047,4,64457,NA,NA,16297074
Midwest,2022-07-24,30,161,3787208,0,64457,NA,NA,16297074
Midwest,2022-07-25,30,4546,3791754,17,64474,NA,NA,16297074
Midwest,2022-07-26,30,4262,3796016,44,64518,NA,NA,16297074
Midwest,2022-07-27,30,6923,3802939,22,64540,NA,NA,16297074
Midwest,2022-07-28,30,6915,3809854,14,64554,NA,NA,16297074
Midwest,2022-07-29,30,5651,3815505,16,64570,NA,NA,16297074
Midwest,2022-07-30,30,3895,3819400,4,64574,NA,NA,16297074
Midwest,2022-07-31,31,12522,3831922,0,64574,NA,NA,16297074
Midwest,2022-08-01,31,6498,3838420,10,64584,NA,NA,16297074
Midwest,2022-08-02,31,5465,3843885,33,64617,NA,NA,16297074
Midwest,2022-08-03,31,2323,3846208,8,64625,NA,NA,16297074
Midwest,2022-08-04,31,8397,3854605,16,64641,NA,NA,16297074
Midwest,2022-08-05,31,3850,3858455,3,64644,NA,NA,16297074
Midwest,2022-08-06,31,438,3858893,0,64644,NA,NA,16297074
Midwest,2022-08-07,32,2809,3861702,17,64661,NA,NA,16297074
Midwest,2022-08-08,32,3183,3864885,10,64671,NA,NA,16297074
Midwest,2022-08-09,32,3596,3868481,42,64713,NA,NA,16297074
Midwest,2022-08-10,32,4478,3872959,15,64728,NA,NA,16297074
Midwest,2022-08-11,32,3032,3875991,7,64735,NA,NA,16297074
Midwest,2022-08-12,32,2575,3878566,19,64754,NA,NA,16297074
Midwest,2022-08-13,32,2195,3880761,8,64762,NA,NA,16297074
Midwest,2022-08-14,33,730,3881491,1,64763,NA,NA,16297074
Midwest,2022-08-15,33,2448,3883939,6,64769,NA,NA,16297074
Midwest,2022-08-16,33,2323,3886262,50,64819,NA,NA,16297074
Midwest,2022-08-17,33,3745,3890007,40,64859,NA,NA,16297074
Midwest,2022-08-18,33,2659,3892666,24,64883,NA,NA,16297074
Midwest,2022-08-19,33,2310,3894976,1,64884,NA,NA,16297074
Midwest,2022-08-20,33,2665,3897641,40,64924,NA,NA,16297074
Midwest,2022-08-21,34,616,3898257,0,64924,NA,NA,16297074
Midwest,2022-08-22,34,794,3899051,0,64924,NA,NA,16297074
Midwest,2022-08-23,34,2929,3901980,28,64952,NA,NA,16297074
Midwest,2022-08-24,34,3084,3905064,8,64960,NA,NA,16297074
Midwest,2022-08-25,34,2840,3907904,1,64961,NA,NA,16297074
Midwest,2022-08-26,34,2885,3910789,3,64964,NA,NA,16297074
Midwest,2022-08-27,34,1408,3912197,0,64964,NA,NA,16297074
Midwest,2022-08-28,35,606,3912803,0,64964,NA,NA,16297074
Midwest,2022-08-29,35,1331,3914134,7,64971,NA,NA,16297074
Midwest,2022-08-30,35,2742,3916876,54,65025,NA,NA,16297074
Midwest,2022-08-31,35,2505,3919381,5,65030,NA,NA,16297074
Midwest,2022-09-01,35,1375,3920756,7,65037,NA,NA,16297074
Midwest,2022-09-02,35,495,3921251,0,65037,NA,NA,16297074
Midwest,2022-09-03,35,2923,3924174,8,65045,NA,NA,16297074
Midwest,2022-09-04,36,467,3924641,0,65045,NA,NA,16297074
Midwest,2022-09-05,36,895,3925536,3,65048,NA,NA,16297074
Midwest,2022-09-06,36,1179,3926715,24,65072,NA,NA,16297074
Midwest,2022-09-07,36,1514,3928229,6,65078,NA,NA,16297074
Midwest,2022-09-08,36,655,3928884,2,65080,NA,NA,16297074
Midwest,2022-09-09,36,1581,3930465,3,65083,NA,NA,16297074
Midwest,2022-09-10,36,2007,3932472,4,65087,NA,NA,16297074
Midwest,2022-09-11,37,527,3932999,0,65087,NA,NA,16297074
Midwest,2022-09-12,37,495,3933494,4,65091,NA,NA,16297074
Midwest,2022-09-13,37,1175,3934669,5,65096,NA,NA,16297074
Midwest,2022-09-14,37,1862,3936531,0,65096,NA,NA,16297074
Midwest,2022-09-15,37,1046,3937577,2,65098,NA,NA,16297074
Midwest,2022-09-16,37,1790,3939367,0,65098,NA,NA,16297074
Midwest,2022-09-17,37,905,3940272,10,65108,NA,NA,16297074
Midwest,2022-09-18,38,406,3940678,0,65108,NA,NA,16297074
Midwest,2022-09-19,38,624,3941302,2,65110,NA,NA,16297074
Midwest,2022-09-20,38,1415,3942717,14,65124,NA,NA,16297074
Midwest,2022-09-21,38,1249,3943966,3,65127,NA,NA,16297074
Midwest,2022-09-22,38,1985,3945951,2,65129,NA,NA,16297074
Midwest,2022-09-23,38,1274,3947225,-2,65127,NA,NA,16297074
Midwest,2022-09-24,38,1277,3948502,4,65131,NA,NA,16297074
Midwest,2022-09-25,39,364,3948866,0,65131,NA,NA,16297074
Midwest,2022-09-26,39,778,3949644,3,65134,NA,NA,16297074
Midwest,2022-09-27,39,1434,3951078,3,65137,NA,NA,16297074
Midwest,2022-09-28,39,1538,3952616,1,65138,NA,NA,16297074
Midwest,2022-09-29,39,994,3953610,1,65139,NA,NA,16297074
Midwest,2022-09-30,39,1812,3955422,0,65139,NA,NA,16297074
Midwest,2022-10-01,39,1032,3956454,11,65150,NA,NA,16297074
Midwest,2022-10-02,40,331,3956785,0,65150,NA,NA,16297074
Midwest,2022-10-03,40,613,3957398,0,65150,NA,NA,16297074
Midwest,2022-10-04,40,155,3957553,2,65152,NA,NA,16297074
Midwest,2022-10-05,40,197,3957750,0,65152,NA,NA,16297074
Midwest,2022-10-06,40,2953,3960703,6,65158,NA,NA,16297074
Midwest,2022-10-07,40,1697,3962400,3,65161,NA,NA,16297074
Midwest,2022-10-08,40,31,3962431,0,65161,NA,NA,16297074
Midwest,2022-10-09,41,10,3962441,0,65161,NA,NA,16297074
Midwest,2022-10-10,41,1685,3964126,1,65162,NA,NA,16297074
Midwest,2022-10-11,41,878,3965004,4,65166,NA,NA,16297074
Midwest,2022-10-12,41,503,3965507,3,65169,NA,NA,16297074
Midwest,2022-10-13,41,633,3966140,0,65169,NA,NA,16297074
Midwest,2022-10-14,41,987,3967127,9,65178,NA,NA,16297074
Midwest,2022-10-15,41,685,3967812,0,65178,NA,NA,16297074
Midwest,2022-10-16,42,125,3967937,0,65178,NA,NA,16297074
Midwest,2022-10-17,42,1013,3968950,6,65184,NA,NA,16297074
Midwest,2022-10-18,42,3094,3972044,3,65187,NA,NA,16297074
Midwest,2022-10-19,42,1423,3973467,9,65196,NA,NA,16297074
Midwest,2022-10-20,42,1505,3974972,1,65197,NA,NA,16297074
Midwest,2022-10-21,42,1293,3976265,0,65197,NA,NA,16297074
Midwest,2022-10-22,42,499,3976764,5,65202,NA,NA,16297074
Midwest,2022-10-23,43,492,3977256,1,65203,NA,NA,16297074
Midwest,2022-10-24,43,492,3977748,1,65204,NA,NA,16297074
Midwest,2022-10-25,43,509,3978257,1,65205,NA,NA,16297074
Midwest,2022-10-26,43,822,3979079,0,65205,NA,NA,16297074
Midwest,2022-10-27,43,1025,3980104,2,65207,NA,NA,16297074
Midwest,2022-10-28,43,1596,3981700,0,65207,NA,NA,16297074
Midwest,2022-10-29,43,927,3982627,0,65207,NA,NA,16297074
Midwest,2022-10-30,44,199,3982826,0,65207,NA,NA,16297074
Midwest,2022-10-31,44,402,3983228,4,65211,NA,NA,16297074
Midwest,2022-11-01,44,1080,3984308,1,65212,NA,NA,16297074
Midwest,2022-11-02,44,755,3985063,2,65214,NA,NA,16297074
Midwest,2022-11-03,44,403,3985466,0,65214,NA,NA,16297074
Midwest,2022-11-04,44,429,3985895,1,65215,NA,NA,16297074
Midwest,2022-11-05,44,0,3985895,0,65215,NA,NA,16297074
Midwest,2022-11-06,45,571,3986466,3,65218,NA,NA,16297074
Midwest,2022-11-07,45,851,3987317,0,65218,NA,NA,16297074
Midwest,2022-11-08,45,1932,3989249,7,65225,NA,NA,16297074
Midwest,2022-11-09,45,1706,3990955,1,65226,NA,NA,16297074
Midwest,2022-11-10,45,1468,3992423,1,65227,NA,NA,16297074
Midwest,2022-11-11,45,2373,3994796,2,65229,NA,NA,16297074
Midwest,2022-11-12,45,529,3995325,-1,65228,NA,NA,16297074
Midwest,2022-11-13,46,229,3995554,0,65228,NA,NA,16297074
Midwest,2022-11-14,46,909,3996463,0,65228,NA,NA,16297074
Midwest,2022-11-15,46,285,3996748,2,65230,NA,NA,16297074
Midwest,2022-11-16,46,730,3997478,3,65233,NA,NA,16297074
Midwest,2022-11-17,46,3144,4000622,1,65234,NA,NA,16297074
Midwest,2022-11-18,46,1214,4001836,4,65238,NA,NA,16297074
Midwest,2022-11-19,46,520,4002356,1,65239,NA,NA,16297074
Midwest,2022-11-20,47,0,4002356,0,65239,NA,NA,16297074
Midwest,2022-11-21,47,223,4002579,0,65239,NA,NA,16297074
Midwest,2022-11-22,47,2638,4005217,0,65239,NA,NA,16297074
Midwest,2022-11-23,47,2252,4007469,14,65253,NA,NA,16297074
Midwest,2022-11-24,47,868,4008337,2,65255,NA,NA,16297074
Midwest,2022-11-25,47,2000,4010337,5,65260,NA,NA,16297074
Midwest,2022-11-26,47,986,4011323,11,65271,NA,NA,16297074
Midwest,2022-11-27,48,0,4011323,0,65271,NA,NA,16297074
Midwest,2022-11-28,48,0,4011323,0,65271,NA,NA,16297074
Midwest,2022-11-29,48,4347,4015670,12,65283,NA,NA,16297074
Midwest,2022-11-30,48,1559,4017229,6,65289,NA,NA,16297074
Midwest,2022-12-01,48,3190,4020419,4,65293,NA,NA,16297074
Midwest,2022-12-02,48,0,4020419,0,65293,NA,NA,16297074
Midwest,2022-12-03,48,3767,4024186,1,65294,NA,NA,16297074
Midwest,2022-12-04,49,0,4024186,0,65294,NA,NA,16297074
Midwest,2022-12-05,49,0,4024186,0,65294,NA,NA,16297074
Midwest,2022-12-06,49,9617,4033803,12,65306,NA,NA,16297074
Midwest,2022-12-07,49,3182,4036985,4,65310,NA,NA,16297074
Midwest,2022-12-08,49,3421,4040406,4,65314,NA,NA,16297074
Midwest,2022-12-09,49,0,4040406,0,65314,NA,NA,16297074
Midwest,2022-12-10,49,2500,4042906,7,65321,NA,NA,16297074
Midwest,2022-12-11,50,0,4042906,0,65321,NA,NA,16297074
Midwest,2022-12-12,50,9593,4052499,16,65337,NA,NA,16297074
Midwest,2022-12-13,50,5420,4057919,10,65347,NA,NA,16297074
Midwest,2022-12-14,50,10207,4068126,3,65350,NA,NA,16297074
Midwest,2022-12-15,50,12366,4080492,16,65366,NA,NA,16297074
Midwest,2022-12-16,50,18795,4099287,5,65371,NA,NA,16297074
Midwest,2022-12-17,50,0,4099287,0,65371,NA,NA,16297074
Midwest,2022-12-18,51,2199,4101486,0,65371,NA,NA,16297074
Midwest,2022-12-19,51,6288,4107774,6,65377,NA,NA,16297074
Midwest,2022-12-20,51,14669,4122443,44,65421,NA,NA,16297074
Midwest,2022-12-21,51,7896,4130339,9,65430,NA,NA,16297074
Midwest,2022-12-22,51,4208,4134547,5,65435,NA,NA,16297074
Midwest,2022-12-23,51,6375,4140922,6,65441,NA,NA,16297074
Midwest,2022-12-24,51,0,4140922,0,65441,NA,NA,16297074
Midwest,2022-12-25,52,0,4140922,0,65441,NA,NA,16297074
Midwest,2022-12-26,52,5552,4146474,8,65449,NA,NA,16297074
Midwest,2022-12-27,52,7060,4153534,21,65470,NA,NA,16297074
Midwest,2022-12-28,52,2359,4155893,4,65474,NA,NA,16297074
Midwest,2022-12-29,52,5952,4161845,44,65518,NA,NA,16297074
Midwest,2022-12-30,52,2648,4164493,4,65522,NA,NA,16297074
Midwest,2022-12-31,52,0,4164493,0,65522,NA,NA,16297074
North,2022-07-01,26,4913,2557774,8,50356,NA,NA,18430980
North,2022-07-02,26,1967,2559741,4,50360,NA,NA,18430980
North,2022-07-03,27,1594,2561335,3,50363,NA,NA,18430980
North,2022-07-04,27,3673,2565008,4,50367,NA,NA,18430980
North,2022-07-05,27,5561,2570569,3,50370,NA,NA,18430980
North,2022-07-06,27,6458,2577027,4,50374,NA,NA,18430980
North,2022-07-07,27,6846,2583873,5,50379,NA,NA,18430980
North,2022-07-08,27,6643,2590516,5,50384,NA,NA,18430980
North,2022-07-09,27,2735,2593251,4,50388,NA,NA,18430980
North,2022-07-10,28,1373,2594624,4,50392,NA,NA,18430980
North,2022-07-11,28,3746,2598370,15,50407,NA,NA,18430980
North,2022-07-12,28,7385,2605755,5,50412,NA,NA,18430980
North,2022-07-13,28,6977,2612732,12,50424,NA,NA,18430980
North,2022-07-14,28,7246,2619978,4,50428,NA,NA,18430980
North,2022-07-15,28,6641,2626619,13,50441,NA,NA,18430980
North,2022-07-16,28,4432,2631051,2,50443,NA,NA,18430980
North,2022-07-17,29,1089,2632140,3,50446,NA,NA,18430980
North,2022-07-18,29,3678,2635818,12,50458,NA,NA,18430980
North,2022-07-19,29,7914,2643732,7,50465,NA,NA,18430980
North,2022-07-20,29,6265,2649997,14,50479,NA,NA,18430980
North,2022-07-21,29,5718,2655715,7,50486,NA,NA,18430980
North,2022-07-22,29,7462,2663177,8,50494,NA,NA,18430980
North,2022-07-23,29,2961,2666138,11,50505,NA,NA,18430980
North,2022-07-24,30,1628,2667766,2,50507,NA,NA,18430980
North,2022-07-25,30,2832,2670598,10,50517,NA,NA,18430980
North,2022-07-26,30,5342,2675940,11,50528,NA,NA,18430980
North,2022-07-27,30,4688,2680628,17,50545,NA,NA,18430980
North,2022-07-28,30,3410,2684038,6,50551,NA,NA,18430980
North,2022-07-29,30,5553,2689591,17,50568,NA,NA,18430980
North,2022-07-30,30,1762,2691353,8,50576,NA,NA,18430980
North,2022-07-31,31,541,2691894,1,50577,NA,NA,18430980
North,2022-08-01,31,2747,2694641,10,50587,NA,NA,18430980
North,2022-08-02,31,4050,2698691,19,50606,NA,NA,18430980
North,2022-08-03,31,3413,2702104,12,50618,NA,NA,18430980
North,2022-08-04,31,3917,2706021,7,50625,NA,NA,18430980
North,2022-08-05,31,3197,2709218,17,50642,NA,NA,18430980
North,2022-08-06,31,1456,2710674,5,50647,NA,NA,18430980
North,2022-08-07,32,832,2711506,4,50651,NA,NA,18430980
North,2022-08-08,32,2172,2713678,8,50659,NA,NA,18430980
North,2022-08-09,32,3160,2716838,4,50663,NA,NA,18430980
North,2022-08-10,32,2686,2719524,8,50671,NA,NA,18430980
North,2022-08-11,32,2330,2721854,14,50685,NA,NA,18430980
North,2022-08-12,32,2348,2724202,17,50702,NA,NA,18430980
North,2022-08-13,32,1350,2725552,6,50708,NA,NA,18430980
North,2022-08-14,33,538,2726090,2,50710,NA,NA,18430980
North,2022-08-15,33,806,2726896,7,50717,NA,NA,18430980
North,2022-08-16,33,1349,2728245,7,50724,NA,NA,18430980
North,2022-08-17,33,1965,2730210,4,50728,NA,NA,18430980
North,2022-08-18,33,1945,2732155,13,50741,NA,NA,18430980
North,2022-08-19,33,2110,2734265,10,50751,NA,NA,18430980
North,2022-08-20,33,1190,2735455,10,50761,NA,NA,18430980
North,2022-08-21,34,698,2736153,19,50780,NA,NA,18430980
North,2022-08-22,34,747,2736900,11,50791,NA,NA,18430980
North,2022-08-23,34,1310,2738210,14,50805,NA,NA,18430980
North,2022-08-24,34,1271,2739481,12,50817,NA,NA,18430980
North,2022-08-25,34,1110,2740591,5,50822,NA,NA,18430980
North,2022-08-26,34,1234,2741825,48,50870,NA,NA,18430980
North,2022-08-27,34,731,2742556,14,50884,NA,NA,18430980
North,2022-08-28,35,527,2743083,5,50889,NA,NA,18430980
North,2022-08-29,35,630,2743713,7,50896,NA,NA,18430980
North,2022-08-30,35,1046,2744759,15,50911,NA,NA,18430980
North,2022-08-31,35,1180,2745939,11,50922,NA,NA,18430980
North,2022-09-01,35,822,2746761,26,50948,NA,NA,18430980
North,2022-09-02,35,758,2747519,12,50960,NA,NA,18430980
North,2022-09-03,35,486,2748005,12,50972,NA,NA,18430980
North,2022-09-04,36,497,2748502,4,50976,NA,NA,18430980
North,2022-09-05,36,679,2749181,9,50985,NA,NA,18430980
North,2022-09-06,36,624,2749805,15,51000,NA,NA,18430980
North,2022-09-07,36,614,2750419,10,51010,NA,NA,18430980
North,2022-09-08,36,190,2750609,4,51014,NA,NA,18430980
North,2022-09-09,36,624,2751233,14,51028,NA,NA,18430980
North,2022-09-10,36,571,2751804,1,51029,NA,NA,18430980
North,2022-09-11,37,373,2752177,1,51030,NA,NA,18430980
North,2022-09-12,37,484,2752661,4,51034,NA,NA,18430980
North,2022-09-13,37,687,2753348,2,51036,NA,NA,18430980
North,2022-09-14,37,606,2753954,7,51043,NA,NA,18430980
North,2022-09-15,37,663,2754617,8,51051,NA,NA,18430980
North,2022-09-16,37,563,2755180,4,51055,NA,NA,18430980
North,2022-09-17,37,439,2755619,5,51060,NA,NA,18430980
North,2022-09-18,38,412,2756031,0,51060,NA,NA,18430980
North,2022-09-19,38,217,2756248,7,51067,NA,NA,18430980
North,2022-09-20,38,607,2756855,3,51070,NA,NA,18430980
North,2022-09-21,38,593,2757448,3,51073,NA,NA,18430980
North,2022-09-22,38,602,2758050,3,51076,NA,NA,18430980
North,2022-09-23,38,471,2758521,2,51078,NA,NA,18430980
North,2022-09-24,38,326,2758847,5,51083,NA,NA,18430980
North,2022-09-25,39,111,2758958,2,51085,NA,NA,18430980
North,2022-09-26,39,118,2759076,3,51088,NA,NA,18430980
North,2022-09-27,39,422,2759498,4,51092,NA,NA,18430980
North,2022-09-28,39,268,2759766,3,51095,NA,NA,18430980
North,2022-09-29,39,440,2760206,6,51101,NA,NA,18430980
North,2022-09-30,39,457,2760663,5,51106,NA,NA,18430980
North,2022-10-01,39,227,2760890,2,51108,NA,NA,18430980
North,2022-10-02,40,103,2760993,2,51110,NA,NA,18430980
North,2022-10-03,40,160,2761153,3,51113,NA,NA,18430980
North,2022-10-04,40,262,2761415,4,51117,NA,NA,18430980
North,2022-10-05,40,219,2761634,6,51123,NA,NA,18430980
North,2022-10-06,40,415,2762049,7,51130,NA,NA,18430980
North,2022-10-07,40,407,2762456,2,51132,NA,NA,18430980
North,2022-10-08,40,199,2762655,1,51133,NA,NA,18430980
North,2022-10-09,41,23,2762678,1,51134,NA,NA,18430980
North,2022-10-10,41,96,2762774,3,51137,NA,NA,18430980
North,2022-10-11,41,313,2763087,4,51141,NA,NA,18430980
North,2022-10-12,41,355,2763442,1,51142,NA,NA,18430980
North,2022-10-13,41,73,2763515,3,51145,NA,NA,18430980
North,2022-10-14,41,493,2764008,2,51147,NA,NA,18430980
North,2022-10-15,41,247,2764255,1,51148,NA,NA,18430980
North,2022-10-16,42,68,2764323,1,51149,NA,NA,18430980
North,2022-10-17,42,275,2764598,4,51153,NA,NA,18430980
North,2022-10-18,42,503,2765101,4,51157,NA,NA,18430980
North,2022-10-19,42,499,2765600,3,51160,NA,NA,18430980
North,2022-10-20,42,527,2766127,3,51163,NA,NA,18430980
North,2022-10-21,42,508,2766635,1,51164,NA,NA,18430980
North,2022-10-22,42,499,2767134,1,51165,NA,NA,18430980
North,2022-10-23,43,135,2767269,1,51166,NA,NA,18430980
North,2022-10-24,43,161,2767430,1,51167,NA,NA,18430980
North,2022-10-25,43,369,2767799,2,51169,NA,NA,18430980
North,2022-10-26,43,530,2768329,1,51170,NA,NA,18430980
North,2022-10-27,43,537,2768866,3,51173,NA,NA,18430980
North,2022-10-28,43,495,2769361,1,51174,NA,NA,18430980
North,2022-10-29,43,428,2769789,1,51175,NA,NA,18430980
North,2022-10-30,44,49,2769838,1,51176,NA,NA,18430980
North,2022-10-31,44,385,2770223,3,51179,NA,NA,18430980
North,2022-11-01,44,560,2770783,0,51179,NA,NA,18430980
North,2022-11-02,44,375,2771158,1,51180,NA,NA,18430980
North,2022-11-03,44,171,2771329,0,51180,NA,NA,18430980
North,2022-11-04,44,382,2771711,0,51180,NA,NA,18430980
North,2022-11-05,44,380,2772091,1,51181,NA,NA,18430980
North,2022-11-06,45,130,2772221,1,51182,NA,NA,18430980
North,2022-11-07,45,262,2772483,4,51186,NA,NA,18430980
North,2022-11-08,45,747,2773230,3,51189,NA,NA,18430980
North,2022-11-09,45,719,2773949,3,51192,NA,NA,18430980
North,2022-11-10,45,759,2774708,5,51197,NA,NA,18430980
North,2022-11-11,45,774,2775482,4,51201,NA,NA,18430980
North,2022-11-12,45,591,2776073,1,51202,NA,NA,18430980
North,2022-11-13,46,69,2776142,1,51203,NA,NA,18430980
North,2022-11-14,46,413,2776555,2,51205,NA,NA,18430980
North,2022-11-15,46,184,2776739,1,51206,NA,NA,18430980
North,2022-11-16,46,941,2777680,3,51209,NA,NA,18430980
North,2022-11-17,46,3217,2780897,4,51213,NA,NA,18430980
North,2022-11-18,46,1657,2782554,4,51217,NA,NA,18430980
North,2022-11-19,46,828,2783382,6,51223,NA,NA,18430980
North,2022-11-20,47,483,2783865,3,51226,NA,NA,18430980
North,2022-11-21,47,907,2784772,3,51229,NA,NA,18430980
North,2022-11-22,47,1445,2786217,3,51232,NA,NA,18430980
North,2022-11-23,47,1462,2787679,8,51240,NA,NA,18430980
North,2022-11-24,47,1006,2788685,3,51243,NA,NA,18430980
North,2022-11-25,47,2439,2791124,2,51245,NA,NA,18430980
North,2022-11-26,47,726,2791850,2,51247,NA,NA,18430980
North,2022-11-27,48,233,2792083,2,51249,NA,NA,18430980
North,2022-11-28,48,374,2792457,1,51250,NA,NA,18430980
North,2022-11-29,48,2364,2794821,4,51254,NA,NA,18430980
North,2022-11-30,48,1401,2796222,5,51259,NA,NA,18430980
North,2022-12-01,48,1451,2797673,4,51263,NA,NA,18430980
North,2022-12-02,48,475,2798148,2,51265,NA,NA,18430980
North,2022-12-03,48,1564,2799712,12,51277,NA,NA,18430980
North,2022-12-04,49,102,2799814,2,51279,NA,NA,18430980
North,2022-12-05,49,2439,2802253,1,51280,NA,NA,18430980
North,2022-12-06,49,1517,2803770,4,51284,NA,NA,18430980
North,2022-12-07,49,1591,2805361,5,51289,NA,NA,18430980
North,2022-12-08,49,1523,2806884,7,51296,NA,NA,18430980
North,2022-12-09,49,0,2806884,0,51296,NA,NA,18430980
North,2022-12-10,49,1850,2808734,5,51301,NA,NA,18430980
North,2022-12-11,50,41,2808775,0,51301,NA,NA,18430980
North,2022-12-12,50,4218,2812993,2,51303,NA,NA,18430980
North,2022-12-13,50,1888,2814881,6,51309,NA,NA,18430980
North,2022-12-14,50,1995,2816876,-1,51308,NA,NA,18430980
North,2022-12-15,50,1152,2818028,2,51310,NA,NA,18430980
North,2022-12-16,50,1703,2819731,3,51313,NA,NA,18430980
North,2022-12-17,50,1200,2820931,4,51317,NA,NA,18430980
North,2022-12-18,51,163,2821094,1,51318,NA,NA,18430980
North,2022-12-19,51,5275,2826369,4,51322,NA,NA,18430980
North,2022-12-20,51,1295,2827664,2,51324,NA,NA,18430980
North,2022-12-21,51,1349,2829013,5,51329,NA,NA,18430980
North,2022-12-22,51,1122,2830135,4,51333,NA,NA,18430980
North,2022-12-23,51,847,2830982,8,51341,NA,NA,18430980
North,2022-12-24,51,0,2830982,0,51341,NA,NA,18430980
North,2022-12-25,52,0,2830982,0,51341,NA,NA,18430980
North,2022-12-26,52,3739,2834721,9,51350,NA,NA,18430980
North,2022-12-27,52,775,2835496,4,51354,NA,NA,18430980
North,2022-12-28,52,1344,2836840,6,51360,NA,NA,18430980
North,2022-12-29,52,1992,2838832,2,51362,NA,NA,18430980
North,2022-12-30,52,743,2839575,1,51363,NA,NA,18430980
North,2022-12-31,52,0,2839575,0,51363,NA,NA,18430980
Northeast,2022-07-01,26,13721,6429523,34,129610,NA,NA,57071654
Northeast,2022-07-02,26,10673,6440196,38,129648,NA,NA,57071654
Northeast,2022-07-03,27,5715,6445911,19,129667,NA,NA,57071654
Northeast,2022-07-04,27,3332,6449243,16,129683,NA,NA,57071654
Northeast,2022-07-05,27,13340,6462583,34,129717,NA,NA,57071654
Northeast,2022-07-06,27,15409,6477992,64,129781,NA,NA,57071654
Northeast,2022-07-07,27,15240,6493232,47,129828,NA,NA,57071654
Northeast,2022-07-08,27,15785,6509017,47,129875,NA,NA,57071654
Northeast,2022-07-09,27,12532,6521549,30,129905,NA,NA,57071654
Northeast,2022-07-10,28,6009,6527558,22,129927,NA,NA,57071654
Northeast,2022-07-11,28,3414,6530972,33,129960,NA,NA,57071654
Northeast,2022-07-12,28,12714,6543686,49,130009,NA,NA,57071654
Northeast,2022-07-13,28,14716,6558402,57,130066,NA,NA,57071654
Northeast,2022-07-14,28,13367,6571769,67,130133,NA,NA,57071654
Northeast,2022-07-15,28,59635,6631404,51,130184,NA,NA,57071654
Northeast,2022-07-16,28,12704,6644108,47,130231,NA,NA,57071654
Northeast,2022-07-17,29,3577,6647685,27,130258,NA,NA,57071654
Northeast,2022-07-18,29,2772,6650457,47,130305,NA,NA,57071654
Northeast,2022-07-19,29,11733,6662190,50,130355,NA,NA,57071654
Northeast,2022-07-20,29,12775,6674965,57,130412,NA,NA,57071654
Northeast,2022-07-21,29,10736,6685701,45,130457,NA,NA,57071654
Northeast,2022-07-22,29,11611,6697312,47,130504,NA,NA,57071654
Northeast,2022-07-23,29,6803,6704115,37,130541,NA,NA,57071654
Northeast,2022-07-24,30,2773,6706888,20,130561,NA,NA,57071654
Northeast,2022-07-25,30,2420,6709308,32,130593,NA,NA,57071654
Northeast,2022-07-26,30,8215,6717523,56,130649,NA,NA,57071654
Northeast,2022-07-27,30,7075,6724598,57,130706,NA,NA,57071654
Northeast,2022-07-28,30,11292,6735890,84,130790,NA,NA,57071654
Northeast,2022-07-29,30,7350,6743240,39,130829,NA,NA,57071654
Northeast,2022-07-30,30,4171,6747411,27,130856,NA,NA,57071654
Northeast,2022-07-31,31,3087,6750498,10,130866,NA,NA,57071654
Northeast,2022-08-01,31,786,6751284,30,130896,NA,NA,57071654
Northeast,2022-08-02,31,5922,6757206,40,130936,NA,NA,57071654
Northeast,2022-08-03,31,6715,6763921,50,130986,NA,NA,57071654
Northeast,2022-08-04,31,6205,6770126,57,131043,NA,NA,57071654
Northeast,2022-08-05,31,4973,6775099,44,131087,NA,NA,57071654
Northeast,2022-08-06,31,4609,6779708,25,131112,NA,NA,57071654
Northeast,2022-08-07,32,893,6780601,9,131121,NA,NA,57071654
Northeast,2022-08-08,32,1100,6781701,33,131154,NA,NA,57071654
Northeast,2022-08-09,32,4594,6786295,63,131217,NA,NA,57071654
Northeast,2022-08-10,32,5513,6791808,26,131243,NA,NA,57071654
Northeast,2022-08-11,32,4571,6796379,24,131267,NA,NA,57071654
Northeast,2022-08-12,32,4106,6800485,20,131287,NA,NA,57071654
Northeast,2022-08-13,32,4269,6804754,20,131307,NA,NA,57071654
Northeast,2022-08-14,33,628,6805382,13,131320,NA,NA,57071654
Northeast,2022-08-15,33,899,6806281,20,131340,NA,NA,57071654
Northeast,2022-08-16,33,2663,6808944,25,131365,NA,NA,57071654
Northeast,2022-08-17,33,4022,6812966,33,131398,NA,NA,57071654
Northeast,2022-08-18,33,3411,6816377,55,131453,NA,NA,57071654
Northeast,2022-08-19,33,3142,6819519,25,131478,NA,NA,57071654
Northeast,2022-08-20,33,2833,6822352,16,131494,NA,NA,57071654
Northeast,2022-08-21,34,868,6823220,9,131503,NA,NA,57071654
Northeast,2022-08-22,34,634,6823854,32,131535,NA,NA,57071654
Northeast,2022-08-23,34,2940,6826794,33,131568,NA,NA,57071654
Northeast,2022-08-24,34,3056,6829850,21,131589,NA,NA,57071654
Northeast,2022-08-25,34,6366,6836216,30,131619,NA,NA,57071654
Northeast,2022-08-26,34,2718,6838934,20,131639,NA,NA,57071654
Northeast,2022-08-27,34,2093,6841027,18,131657,NA,NA,57071654
Northeast,2022-08-28,35,474,6841501,6,131663,NA,NA,57071654
Northeast,2022-08-29,35,633,6842134,21,131684,NA,NA,57071654
Northeast,2022-08-30,35,2193,6844327,27,131711,NA,NA,57071654
Northeast,2022-08-31,35,2817,6847144,16,131727,NA,NA,57071654
Northeast,2022-09-01,35,2540,6849684,25,131752,NA,NA,57071654
Northeast,2022-09-02,35,2618,6852302,19,131771,NA,NA,57071654
Northeast,2022-09-03,35,1182,6853484,9,131780,NA,NA,57071654
Northeast,2022-09-04,36,684,6854168,6,131786,NA,NA,57071654
Northeast,2022-09-05,36,1507,6855675,11,131797,NA,NA,57071654
Northeast,2022-09-06,36,2284,6857959,18,131815,NA,NA,57071654
Northeast,2022-09-07,36,1373,6859332,12,131827,NA,NA,57071654
Northeast,2022-09-08,36,1899,6861231,17,131844,NA,NA,57071654
Northeast,2022-09-09,36,1561,6862792,12,131856,NA,NA,57071654
Northeast,2022-09-10,36,790,6863582,2,131858,NA,NA,57071654
Northeast,2022-09-11,37,326,6863908,0,131858,NA,NA,57071654
Northeast,2022-09-12,37,1321,6865229,13,131871,NA,NA,57071654
Northeast,2022-09-13,37,1477,6866706,11,131882,NA,NA,57071654
Northeast,2022-09-14,37,4395,6871101,16,131898,NA,NA,57071654
Northeast,2022-09-15,37,1502,6872603,10,131908,NA,NA,57071654
Northeast,2022-09-16,37,1622,6874225,7,131915,NA,NA,57071654
Northeast,2022-09-17,37,711,6874936,5,131920,NA,NA,57071654
Northeast,2022-09-18,38,129,6875065,0,131920,NA,NA,57071654
Northeast,2022-09-19,38,1352,6876417,8,131928,NA,NA,57071654
Northeast,2022-09-20,38,1421,6877838,11,131939,NA,NA,57071654
Northeast,2022-09-21,38,1883,6879721,14,131953,NA,NA,57071654
Northeast,2022-09-22,38,1015,6880736,7,131960,NA,NA,57071654
Northeast,2022-09-23,38,1267,6882003,6,131966,NA,NA,57071654
Northeast,2022-09-24,38,722,6882725,10,131976,NA,NA,57071654
Northeast,2022-09-25,39,162,6882887,5,131981,NA,NA,57071654
Northeast,2022-09-26,39,1135,6884022,6,131987,NA,NA,57071654
Northeast,2022-09-27,39,977,6884999,20,132007,NA,NA,57071654
Northeast,2022-09-28,39,1174,6886173,11,132018,NA,NA,57071654
Northeast,2022-09-29,39,1579,6887752,17,132035,NA,NA,57071654
Northeast,2022-09-30,39,1122,6888874,24,132059,NA,NA,57071654
Northeast,2022-10-01,39,529,6889403,7,132066,NA,NA,57071654
Northeast,2022-10-02,40,2,6889405,1,132067,NA,NA,57071654
Northeast,2022-10-03,40,608,6890013,7,132074,NA,NA,57071654
Northeast,2022-10-04,40,1988,6892001,14,132088,NA,NA,57071654
Northeast,2022-10-05,40,723,6892724,5,132093,NA,NA,57071654
Northeast,2022-10-06,40,893,6893617,16,132109,NA,NA,57071654
Northeast,2022-10-07,40,1250,6894867,27,132136,NA,NA,57071654
Northeast,2022-10-08,40,102,6894969,11,132147,NA,NA,57071654
Northeast,2022-10-09,41,33,6895002,0,132147,NA,NA,57071654
Northeast,2022-10-10,41,1295,6896297,4,132151,NA,NA,57071654
Northeast,2022-10-11,41,1365,6897662,20,132171,NA,NA,57071654
Northeast,2022-10-12,41,240,6897902,0,132171,NA,NA,57071654
Northeast,2022-10-13,41,992,6898894,19,132190,NA,NA,57071654
Northeast,2022-10-14,41,709,6899603,15,132205,NA,NA,57071654
Northeast,2022-10-15,41,112,6899715,0,132205,NA,NA,57071654
Northeast,2022-10-16,42,1,6899716,0,132205,NA,NA,57071654
Northeast,2022-10-17,42,1222,6900938,34,132239,NA,NA,57071654
Northeast,2022-10-18,42,1038,6901976,16,132255,NA,NA,57071654
Northeast,2022-10-19,42,866,6902842,17,132272,NA,NA,57071654
Northeast,2022-10-20,42,579,6903421,12,132284,NA,NA,57071654
Northeast,2022-10-21,42,663,6904084,26,132310,NA,NA,57071654
Northeast,2022-10-22,42,177,6904261,25,132335,NA,NA,57071654
Northeast,2022-10-23,43,40,6904301,0,132335,NA,NA,57071654
Northeast,2022-10-24,43,1142,6905443,11,132346,NA,NA,57071654
Northeast,2022-10-25,43,1018,6906461,9,132355,NA,NA,57071654
Northeast,2022-10-26,43,783,6907244,131,132486,NA,NA,57071654
Northeast,2022-10-27,43,1062,6908306,13,132499,NA,NA,57071654
Northeast,2022-10-28,43,989,6909295,70,132569,NA,NA,57071654
Northeast,2022-10-29,43,21,6909316,0,132569,NA,NA,57071654
Northeast,2022-10-30,44,22,6909338,0,132569,NA,NA,57071654
Northeast,2022-10-31,44,1181,6910519,37,132606,NA,NA,57071654
Northeast,2022-11-01,44,1176,6911695,14,132620,NA,NA,57071654
Northeast,2022-11-02,44,105,6911800,1,132621,NA,NA,57071654
Northeast,2022-11-03,44,1056,6912856,5,132626,NA,NA,57071654
Northeast,2022-11-04,44,574,6913430,4,132630,NA,NA,57071654
Northeast,2022-11-05,44,75,6913505,4,132634,NA,NA,57071654
Northeast,2022-11-06,45,26,6913531,1,132635,NA,NA,57071654
Northeast,2022-11-07,45,612,6914143,4,132639,NA,NA,57071654
Northeast,2022-11-08,45,1302,6915445,4,132643,NA,NA,57071654
Northeast,2022-11-09,45,1371,6916816,7,132650,NA,NA,57071654
Northeast,2022-11-10,45,1518,6918334,8,132658,NA,NA,57071654
Northeast,2022-11-11,45,1646,6919980,5,132663,NA,NA,57071654
Northeast,2022-11-12,45,895,6920875,1,132664,NA,NA,57071654
Northeast,2022-11-13,46,21,6920896,0,132664,NA,NA,57071654
Northeast,2022-11-14,46,2386,6923282,4,132668,NA,NA,57071654
Northeast,2022-11-15,46,689,6923971,0,132668,NA,NA,57071654
Northeast,2022-11-16,46,2371,6926342,11,132679,NA,NA,57071654
Northeast,2022-11-17,46,4520,6930862,6,132685,NA,NA,57071654
Northeast,2022-11-18,46,5193,6936055,11,132696,NA,NA,57071654
Northeast,2022-11-19,46,1634,6937689,2,132698,NA,NA,57071654
Northeast,2022-11-20,47,2138,6939827,3,132701,NA,NA,57071654
Northeast,2022-11-21,47,4637,6944464,18,132719,NA,NA,57071654
Northeast,2022-11-22,47,2865,6947329,15,132734,NA,NA,57071654
Northeast,2022-11-23,47,5919,6953248,20,132754,NA,NA,57071654
Northeast,2022-11-24,47,7555,6960803,8,132762,NA,NA,57071654
Northeast,2022-11-25,47,11302,6972105,16,132778,NA,NA,57071654
Northeast,2022-11-26,47,4179,6976284,3,132781,NA,NA,57071654
Northeast,2022-11-27,48,2714,6978998,8,132789,NA,NA,57071654
Northeast,2022-11-28,48,6542,6985540,17,132806,NA,NA,57071654
Northeast,2022-11-29,48,7909,6993449,27,132833,NA,NA,57071654
Northeast,2022-11-30,48,9184,7002633,26,132859,NA,NA,57071654
Northeast,2022-12-01,48,10191,7012824,26,132885,NA,NA,57071654
Northeast,2022-12-02,48,10144,7022968,21,132906,NA,NA,57071654
Northeast,2022-12-03,48,5132,7028100,8,132914,NA,NA,57071654
Northeast,2022-12-04,49,3144,7031244,4,132918,NA,NA,57071654
Northeast,2022-12-05,49,6384,7037628,12,132930,NA,NA,57071654
Northeast,2022-12-06,49,12287,7049915,64,132994,NA,NA,57071654
Northeast,2022-12-07,49,11976,7061891,32,133026,NA,NA,57071654
Northeast,2022-12-08,49,7219,7069110,14,133040,NA,NA,57071654
Northeast,2022-12-09,49,0,7069110,0,133040,NA,NA,57071654
Northeast,2022-12-10,49,6258,7075368,10,133050,NA,NA,57071654
Northeast,2022-12-11,50,2707,7078075,4,133054,NA,NA,57071654
Northeast,2022-12-12,50,16397,7094472,110,133164,NA,NA,57071654
Northeast,2022-12-13,50,11514,7105986,67,133231,NA,NA,57071654
Northeast,2022-12-14,50,10138,7116124,43,133274,NA,NA,57071654
Northeast,2022-12-15,50,9247,7125371,47,133321,NA,NA,57071654
Northeast,2022-12-16,50,7975,7133346,47,133368,NA,NA,57071654
Northeast,2022-12-17,50,7210,7140556,17,133385,NA,NA,57071654
Northeast,2022-12-18,51,3312,7143868,13,133398,NA,NA,57071654
Northeast,2022-12-19,51,5797,7149665,38,133436,NA,NA,57071654
Northeast,2022-12-20,51,10304,7159969,57,133493,NA,NA,57071654
Northeast,2022-12-21,51,8587,7168556,32,133525,NA,NA,57071654
Northeast,2022-12-22,51,7886,7176442,34,133559,NA,NA,57071654
Northeast,2022-12-23,51,6203,7182645,30,133589,NA,NA,57071654
Northeast,2022-12-24,51,0,7182645,0,133589,NA,NA,57071654
Northeast,2022-12-25,52,0,7182645,0,133589,NA,NA,57071654
Northeast,2022-12-26,52,5526,7188171,47,133636,NA,NA,57071654
Northeast,2022-12-27,52,4028,7192199,54,133690,NA,NA,57071654
Northeast,2022-12-28,52,6802,7199001,107,133797,NA,NA,57071654
Northeast,2022-12-29,52,4970,7203971,16,133813,NA,NA,57071654
Northeast,2022-12-30,52,3028,7206999,16,133829,NA,NA,57071654
Northeast,2022-12-31,52,0,7206999,0,133829,NA,NA,57071654
South,2022-07-01,26,9827,6974389,54,105884,NA,NA,29975984
South,2022-07-02,26,9410,6983799,37,105921,NA,NA,29975984
South,2022-07-03,27,2811,6986610,19,105940,NA,NA,29975984
South,2022-07-04,27,2440,6989050,12,105952,NA,NA,29975984
South,2022-07-05,27,9893,6998943,74,106026,NA,NA,29975984
South,2022-07-06,27,9247,7008190,76,106102,NA,NA,29975984
South,2022-07-07,27,8063,7016253,59,106161,NA,NA,29975984
South,2022-07-08,27,11694,7027947,64,106225,NA,NA,29975984
South,2022-07-09,27,9227,7037174,80,106305,NA,NA,29975984
South,2022-07-10,28,3027,7040201,16,106321,NA,NA,29975984
South,2022-07-11,28,2040,7042241,13,106334,NA,NA,29975984
South,2022-07-12,28,9875,7052116,68,106402,NA,NA,29975984
South,2022-07-13,28,9439,7061555,89,106491,NA,NA,29975984
South,2022-07-14,28,9083,7070638,56,106547,NA,NA,29975984
South,2022-07-15,28,6851,7077489,37,106584,NA,NA,29975984
South,2022-07-16,28,11093,7088582,62,106646,NA,NA,29975984
South,2022-07-17,29,2236,7090818,8,106654,NA,NA,29975984
South,2022-07-18,29,2086,7092904,9,106663,NA,NA,29975984
South,2022-07-19,29,8589,7101493,62,106725,NA,NA,29975984
South,2022-07-20,29,8315,7109808,80,106805,NA,NA,29975984
South,2022-07-21,29,8228,7118036,33,106838,NA,NA,29975984
South,2022-07-22,29,7954,7125990,56,106894,NA,NA,29975984
South,2022-07-23,29,7382,7133372,28,106922,NA,NA,29975984
South,2022-07-24,30,2700,7136072,5,106927,NA,NA,29975984
South,2022-07-25,30,1873,7137945,2,106929,NA,NA,29975984
South,2022-07-26,30,5400,7143345,54,106983,NA,NA,29975984
South,2022-07-27,30,9936,7153281,43,107026,NA,NA,29975984
South,2022-07-28,30,8403,7161684,25,107051,NA,NA,29975984
South,2022-07-29,30,7640,7169324,46,107097,NA,NA,29975984
South,2022-07-30,30,6591,7175915,85,107182,NA,NA,29975984
South,2022-07-31,31,1657,7177572,6,107188,NA,NA,29975984
South,2022-08-01,31,1045,7178617,14,107202,NA,NA,29975984
South,2022-08-02,31,6593,7185210,45,107247,NA,NA,29975984
South,2022-08-03,31,8496,7193706,57,107304,NA,NA,29975984
South,2022-08-04,31,8761,7202467,37,107341,NA,NA,29975984
South,2022-08-05,31,6012,7208479,37,107378,NA,NA,29975984
South,2022-08-06,31,5678,7214157,70,107448,NA,NA,29975984
South,2022-08-07,32,1351,7215508,4,107452,NA,NA,29975984
South,2022-08-08,32,764,7216272,7,107459,NA,NA,29975984
South,2022-08-09,32,8664,7224936,71,107530,NA,NA,29975984
South,2022-08-10,32,5801,7230737,82,107612,NA,NA,29975984
South,2022-08-11,32,5628,7236365,76,107688,NA,NA,29975984
South,2022-08-12,32,5262,7241627,95,107783,NA,NA,29975984
South,2022-08-13,32,5480,7247107,40,107823,NA,NA,29975984
South,2022-08-14,33,1639,7248746,5,107828,NA,NA,29975984
South,2022-08-15,33,1139,7249885,6,107834,NA,NA,29975984
South,2022-08-16,33,5978,7255863,31,107865,NA,NA,29975984
South,2022-08-17,33,5414,7261277,38,107903,NA,NA,29975984
South,2022-08-18,33,5233,7266510,24,107927,NA,NA,29975984
South,2022-08-19,33,4955,7271465,40,107967,NA,NA,29975984
South,2022-08-20,33,4283,7275748,28,107995,NA,NA,29975984
South,2022-08-21,34,1299,7277047,15,108010,NA,NA,29975984
South,2022-08-22,34,843,7277890,4,108014,NA,NA,29975984
South,2022-08-23,34,4447,7282337,31,108045,NA,NA,29975984
South,2022-08-24,34,4570,7286907,106,108151,NA,NA,29975984
South,2022-08-25,34,4830,7291737,68,108219,NA,NA,29975984
South,2022-08-26,34,4447,7296184,27,108246,NA,NA,29975984
South,2022-08-27,34,4402,7300586,21,108267,NA,NA,29975984
South,2022-08-28,35,1194,7301780,5,108272,NA,NA,29975984
South,2022-08-29,35,540,7302320,3,108275,NA,NA,29975984
South,2022-08-30,35,4184,7306504,39,108314,NA,NA,29975984
South,2022-08-31,35,3569,7310073,26,108340,NA,NA,29975984
South,2022-09-01,35,3351,7313424,24,108364,NA,NA,29975984
South,2022-09-02,35,2561,7315985,18,108382,NA,NA,29975984
South,2022-09-03,35,4261,7320246,30,108412,NA,NA,29975984
South,2022-09-04,36,541,7320787,5,108417,NA,NA,29975984
South,2022-09-05,36,583,7321370,2,108419,NA,NA,29975984
South,2022-09-06,36,3016,7324386,36,108455,NA,NA,29975984
South,2022-09-07,36,2290,7326676,15,108470,NA,NA,29975984
South,2022-09-08,36,807,7327483,11,108481,NA,NA,29975984
South,2022-09-09,36,2809,7330292,20,108501,NA,NA,29975984
South,2022-09-10,36,2858,7333150,14,108515,NA,NA,29975984
South,2022-09-11,37,637,7333787,5,108520,NA,NA,29975984
South,2022-09-12,37,398,7334185,4,108524,NA,NA,29975984
South,2022-09-13,37,2434,7336619,17,108541,NA,NA,29975984
South,2022-09-14,37,2061,7338680,44,108585,NA,NA,29975984
South,2022-09-15,37,2038,7340718,23,108608,NA,NA,29975984
South,2022-09-16,37,2040,7342758,18,108626,NA,NA,29975984
South,2022-09-17,37,941,7343699,14,108640,NA,NA,29975984
South,2022-09-18,38,1391,7345090,10,108650,NA,NA,29975984
South,2022-09-19,38,219,7345309,1,108651,NA,NA,29975984
South,2022-09-20,38,1746,7347055,30,108681,NA,NA,29975984
South,2022-09-21,38,484,7347539,13,108694,NA,NA,29975984
South,2022-09-22,38,2101,7349640,19,108713,NA,NA,29975984
South,2022-09-23,38,1908,7351548,25,108738,NA,NA,29975984
South,2022-09-24,38,1502,7353050,13,108751,NA,NA,29975984
South,2022-09-25,39,305,7353355,6,108757,NA,NA,29975984
South,2022-09-26,39,322,7353677,-4,108753,NA,NA,29975984
South,2022-09-27,39,1459,7355136,9,108762,NA,NA,29975984
South,2022-09-28,39,1382,7356518,27,108789,NA,NA,29975984
South,2022-09-29,39,1464,7357982,25,108814,NA,NA,29975984
South,2022-09-30,39,1423,7359405,22,108836,NA,NA,29975984
South,2022-10-01,39,1117,7360522,7,108843,NA,NA,29975984
South,2022-10-02,40,241,7360763,4,108847,NA,NA,29975984
South,2022-10-03,40,132,7360895,2,108849,NA,NA,29975984
South,2022-10-04,40,850,7361745,8,108857,NA,NA,29975984
South,2022-10-05,40,1538,7363283,22,108879,NA,NA,29975984
South,2022-10-06,40,1201,7364484,7,108886,NA,NA,29975984
South,2022-10-07,40,1247,7365731,12,108898,NA,NA,29975984
South,2022-10-08,40,1124,7366855,5,108903,NA,NA,29975984
South,2022-10-09,41,104,7366959,1,108904,NA,NA,29975984
South,2022-10-10,41,120,7367079,6,108910,NA,NA,29975984
South,2022-10-11,41,1228,7368307,15,108925,NA,NA,29975984
South,2022-10-12,41,1216,7369523,7,108932,NA,NA,29975984
South,2022-10-13,41,278,7369801,4,108936,NA,NA,29975984
South,2022-10-14,41,983,7370784,6,108942,NA,NA,29975984
South,2022-10-15,41,928,7371712,8,108950,NA,NA,29975984
South,2022-10-16,42,186,7371898,1,108951,NA,NA,29975984
South,2022-10-17,42,223,7372121,0,108951,NA,NA,29975984
South,2022-10-18,42,1423,7373544,7,108958,NA,NA,29975984
South,2022-10-19,42,1369,7374913,16,108974,NA,NA,29975984
South,2022-10-20,42,1247,7376160,9,108983,NA,NA,29975984
South,2022-10-21,42,1276,7377436,8,108991,NA,NA,29975984
South,2022-10-22,42,524,7377960,8,108999,NA,NA,29975984
South,2022-10-23,43,954,7378914,6,109005,NA,NA,29975984
South,2022-10-24,43,166,7379080,-7,108998,NA,NA,29975984
South,2022-10-25,43,1253,7380333,14,109012,NA,NA,29975984
South,2022-10-26,43,850,7381183,7,109019,NA,NA,29975984
South,2022-10-27,43,1464,7382647,7,109026,NA,NA,29975984
South,2022-10-28,43,1164,7383811,4,109030,NA,NA,29975984
South,2022-10-29,43,466,7384277,10,109040,NA,NA,29975984
South,2022-10-30,44,527,7384804,0,109040,NA,NA,29975984
South,2022-10-31,44,205,7385009,0,109040,NA,NA,29975984
South,2022-11-01,44,1042,7386051,10,109050,NA,NA,29975984
South,2022-11-02,44,1015,7387066,5,109055,NA,NA,29975984
South,2022-11-03,44,347,7387413,3,109058,NA,NA,29975984
South,2022-11-04,44,594,7388007,7,109065,NA,NA,29975984
South,2022-11-05,44,778,7388785,5,109070,NA,NA,29975984
South,2022-11-06,45,365,7389150,1,109071,NA,NA,29975984
South,2022-11-07,45,319,7389469,0,109071,NA,NA,29975984
South,2022-11-08,45,1336,7390805,8,109079,NA,NA,29975984
South,2022-11-09,45,1249,7392054,6,109085,NA,NA,29975984
South,2022-11-10,45,1203,7393257,9,109094,NA,NA,29975984
South,2022-11-11,45,2037,7395294,3,109097,NA,NA,29975984
South,2022-11-12,45,1459,7396753,-3,109094,NA,NA,29975984
South,2022-11-13,46,569,7397322,3,109097,NA,NA,29975984
South,2022-11-14,46,510,7397832,1,109098,NA,NA,29975984
South,2022-11-15,46,532,7398364,4,109102,NA,NA,29975984
South,2022-11-16,46,434,7398798,5,109107,NA,NA,29975984
South,2022-11-17,46,4297,7403095,8,109115,NA,NA,29975984
South,2022-11-18,46,3669,7406764,9,109124,NA,NA,29975984
South,2022-11-19,46,3728,7410492,4,109128,NA,NA,29975984
South,2022-11-20,47,1344,7411836,2,109130,NA,NA,29975984
South,2022-11-21,47,671,7412507,5,109135,NA,NA,29975984
South,2022-11-22,47,2520,7415027,12,109147,NA,NA,29975984
South,2022-11-23,47,5107,7420134,10,109157,NA,NA,29975984
South,2022-11-24,47,3784,7423918,13,109170,NA,NA,29975984
South,2022-11-25,47,7878,7431796,14,109184,NA,NA,29975984
South,2022-11-26,47,6282,7438078,11,109195,NA,NA,29975984
South,2022-11-27,48,1717,7439795,1,109196,NA,NA,29975984
South,2022-11-28,48,1065,7440860,0,109196,NA,NA,29975984
South,2022-11-29,48,6310,7447170,23,109219,NA,NA,29975984
South,2022-11-30,48,8159,7455329,17,109236,NA,NA,29975984
South,2022-12-01,48,8315,7463644,17,109253,NA,NA,29975984
South,2022-12-02,48,6470,7470114,8,109261,NA,NA,29975984
South,2022-12-03,48,10454,7480568,11,109272,NA,NA,29975984
South,2022-12-04,49,2592,7483160,9,109281,NA,NA,29975984
South,2022-12-05,49,1495,7484655,0,109281,NA,NA,29975984
South,2022-12-06,49,10388,7495043,24,109305,NA,NA,29975984
South,2022-12-07,49,10085,7505128,30,109335,NA,NA,29975984
South,2022-12-08,49,6135,7511263,12,109347,NA,NA,29975984
South,2022-12-09,49,0,7511263,0,109347,NA,NA,29975984
South,2022-12-10,49,22730,7533993,42,109389,NA,NA,29975984
South,2022-12-11,50,3184,7537177,3,109392,NA,NA,29975984
South,2022-12-12,50,2412,7539589,2,109394,NA,NA,29975984
South,2022-12-13,50,12880,7552469,17,109411,NA,NA,29975984
South,2022-12-14,50,10786,7563255,38,109449,NA,NA,29975984
South,2022-12-15,50,12686,7575941,23,109472,NA,NA,29975984
South,2022-12-16,50,12075,7588016,18,109490,NA,NA,29975984
South,2022-12-17,50,12311,7600327,28,109518,NA,NA,29975984
South,2022-12-18,51,3651,7603978,5,109523,NA,NA,29975984
South,2022-12-19,51,3800,7607778,15,109538,NA,NA,29975984
South,2022-12-20,51,14174,7621952,38,109576,NA,NA,29975984
South,2022-12-21,51,11124,7633076,32,109608,NA,NA,29975984
South,2022-12-22,51,12896,7645972,31,109639,NA,NA,29975984
South,2022-12-23,51,11953,7657925,26,109665,NA,NA,29975984
South,2022-12-24,51,0,7657925,0,109665,NA,NA,29975984
South,2022-12-25,52,0,7657925,0,109665,NA,NA,29975984
South,2022-12-26,52,13747,7671672,20,109685,NA,NA,29975984
South,2022-12-27,52,10414,7682086,21,109706,NA,NA,29975984
South,2022-12-28,52,10496,7692582,43,109749,NA,NA,29975984
South,2022-12-29,52,10288,7702870,33,109782,NA,NA,29975984
South,2022-12-30,52,10067,7712937,27,109809,NA,NA,29975984
South,2022-12-31,52,0,7712937,0,109809,NA,NA,29975984
Southeast,2022-07-01,26,35483,12843174,137,321822,NA,NA,88371433
Southeast,2022-07-02,26,12282,12855456,65,321887,NA,NA,88371433
Southeast,2022-07-03,27,4955,12860411,12,321899,NA,NA,88371433
Southeast,2022-07-04,27,27077,12887488,68,321967,NA,NA,88371433
Southeast,2022-07-05,27,34355,12921843,233,322200,NA,NA,88371433
Southeast,2022-07-06,27,32956,12954799,173,322373,NA,NA,88371433
Southeast,2022-07-07,27,34020,12988819,157,322530,NA,NA,88371433
Southeast,2022-07-08,27,26573,13015392,136,322666,NA,NA,88371433
Southeast,2022-07-09,27,12381,13027773,92,322758,NA,NA,88371433
Southeast,2022-07-10,28,4619,13032392,14,322772,NA,NA,88371433
Southeast,2022-07-11,28,27483,13059875,65,322837,NA,NA,88371433
Southeast,2022-07-12,28,24319,13084194,187,323024,NA,NA,88371433
Southeast,2022-07-13,28,30090,13114284,204,323228,NA,NA,88371433
Southeast,2022-07-14,28,24907,13139191,135,323363,NA,NA,88371433
Southeast,2022-07-15,28,25994,13165185,192,323555,NA,NA,88371433
Southeast,2022-07-16,28,9681,13174866,92,323647,NA,NA,88371433
Southeast,2022-07-17,29,3007,13177873,16,323663,NA,NA,88371433
Southeast,2022-07-18,29,20570,13198443,72,323735,NA,NA,88371433
Southeast,2022-07-19,29,24278,13222721,191,323926,NA,NA,88371433
Southeast,2022-07-20,29,23297,13246018,182,324108,NA,NA,88371433
Southeast,2022-07-21,29,19301,13265319,156,324264,NA,NA,88371433
Southeast,2022-07-22,29,18078,13283397,157,324421,NA,NA,88371433
Southeast,2022-07-23,29,7464,13290861,81,324502,NA,NA,88371433
Southeast,2022-07-24,30,2561,13293422,10,324512,NA,NA,88371433
Southeast,2022-07-25,30,18938,13312360,118,324630,NA,NA,88371433
Southeast,2022-07-26,30,14695,13327055,186,324816,NA,NA,88371433
Southeast,2022-07-27,30,15892,13342947,171,324987,NA,NA,88371433
Southeast,2022-07-28,30,14572,13357519,136,325123,NA,NA,88371433
Southeast,2022-07-29,30,15519,13373038,126,325249,NA,NA,88371433
Southeast,2022-07-30,30,6470,13379508,49,325298,NA,NA,88371433
Southeast,2022-07-31,31,2506,13382014,11,325309,NA,NA,88371433
Southeast,2022-08-01,31,10988,13393002,137,325446,NA,NA,88371433
Southeast,2022-08-02,31,12434,13405436,158,325604,NA,NA,88371433
Southeast,2022-08-03,31,12686,13418122,138,325742,NA,NA,88371433
Southeast,2022-08-04,31,13153,13431275,144,325886,NA,NA,88371433
Southeast,2022-08-05,31,11944,13443219,121,326007,NA,NA,88371433
Southeast,2022-08-06,31,4522,13447741,81,326088,NA,NA,88371433
Southeast,2022-08-07,32,1313,13449054,23,326111,NA,NA,88371433
Southeast,2022-08-08,32,10190,13459244,112,326223,NA,NA,88371433
Southeast,2022-08-09,32,10206,13469450,185,326408,NA,NA,88371433
Southeast,2022-08-10,32,12457,13481907,124,326532,NA,NA,88371433
Southeast,2022-08-11,32,12083,13493990,99,326631,NA,NA,88371433
Southeast,2022-08-12,32,9261,13503251,96,326727,NA,NA,88371433
Southeast,2022-08-13,32,4432,13507683,73,326800,NA,NA,88371433
Southeast,2022-08-14,33,894,13508577,16,326816,NA,NA,88371433
Southeast,2022-08-15,33,2662,13511239,81,326897,NA,NA,88371433
Southeast,2022-08-16,33,10727,13521966,93,326990,NA,NA,88371433
Southeast,2022-08-17,33,6781,13528747,132,327122,NA,NA,88371433
Southeast,2022-08-18,33,8919,13537666,90,327212,NA,NA,88371433
Southeast,2022-08-19,33,6346,13544012,66,327278,NA,NA,88371433
Southeast,2022-08-20,33,4577,13548589,50,327328,NA,NA,88371433
Southeast,2022-08-21,34,1598,13550187,4,327332,NA,NA,88371433
Southeast,2022-08-22,34,3200,13553387,75,327407,NA,NA,88371433
Southeast,2022-08-23,34,8615,13562002,97,327504,NA,NA,88371433
Southeast,2022-08-24,34,6296,13568298,55,327559,NA,NA,88371433
Southeast,2022-08-25,34,5893,13574191,53,327612,NA,NA,88371433
Southeast,2022-08-26,34,6986,13581177,66,327678,NA,NA,88371433
Southeast,2022-08-27,34,3752,13584929,22,327700,NA,NA,88371433
Southeast,2022-08-28,35,651,13585580,6,327706,NA,NA,88371433
Southeast,2022-08-29,35,9324,13594904,90,327796,NA,NA,88371433
Southeast,2022-08-30,35,6641,13601545,94,327890,NA,NA,88371433
Southeast,2022-08-31,35,5771,13607316,56,327946,NA,NA,88371433
Southeast,2022-09-01,35,6733,13614049,100,328046,NA,NA,88371433
Southeast,2022-09-02,35,5039,13619088,66,328112,NA,NA,88371433
Southeast,2022-09-03,35,2870,13621958,33,328145,NA,NA,88371433
Southeast,2022-09-04,36,720,13622678,0,328145,NA,NA,88371433
Southeast,2022-09-05,36,3099,13625777,31,328176,NA,NA,88371433
Southeast,2022-09-06,36,6289,13632066,62,328238,NA,NA,88371433
Southeast,2022-09-07,36,3101,13635167,14,328252,NA,NA,88371433
Southeast,2022-09-08,36,655,13635822,51,328303,NA,NA,88371433
Southeast,2022-09-09,36,6135,13641957,42,328345,NA,NA,88371433
Southeast,2022-09-10,36,3183,13645140,19,328364,NA,NA,88371433
Southeast,2022-09-11,37,614,13645754,1,328365,NA,NA,88371433
Southeast,2022-09-12,37,2634,13648388,13,328378,NA,NA,88371433
Southeast,2022-09-13,37,4647,13653035,69,328447,NA,NA,88371433
Southeast,2022-09-14,37,5601,13658636,52,328499,NA,NA,88371433
Southeast,2022-09-15,37,4682,13663318,39,328538,NA,NA,88371433
Southeast,2022-09-16,37,4237,13667555,68,328606,NA,NA,88371433
Southeast,2022-09-17,37,-18,13667537,0,328606,NA,NA,88371433
Southeast,2022-09-18,38,2646,13670183,32,328638,NA,NA,88371433
Southeast,2022-09-19,38,2568,13672751,34,328672,NA,NA,88371433
Southeast,2022-09-20,38,3552,13676303,32,328704,NA,NA,88371433
Southeast,2022-09-21,38,2970,13679273,53,328757,NA,NA,88371433
Southeast,2022-09-22,38,3005,13682278,42,328799,NA,NA,88371433
Southeast,2022-09-23,38,2852,13685130,42,328841,NA,NA,88371433
Southeast,2022-09-24,38,2740,13687870,0,328841,NA,NA,88371433
Southeast,2022-09-25,39,284,13688154,10,328851,NA,NA,88371433
Southeast,2022-09-26,39,3715,13691869,22,328873,NA,NA,88371433
Southeast,2022-09-27,39,3997,13695866,10,328883,NA,NA,88371433
Southeast,2022-09-28,39,3251,13699117,4,328887,NA,NA,88371433
Southeast,2022-09-29,39,5064,13704181,2,328889,NA,NA,88371433
Southeast,2022-09-30,39,3979,13708160,7,328896,NA,NA,88371433
Southeast,2022-10-01,39,3081,13711241,191,329087,NA,NA,88371433
Southeast,2022-10-02,40,346,13711587,59,329146,NA,NA,88371433
Southeast,2022-10-03,40,3483,13715070,39,329185,NA,NA,88371433
Southeast,2022-10-04,40,4112,13719182,65,329250,NA,NA,88371433
Southeast,2022-10-05,40,4444,13723626,76,329326,NA,NA,88371433
Southeast,2022-10-06,40,2754,13726380,97,329423,NA,NA,88371433
Southeast,2022-10-07,40,3303,13729683,53,329476,NA,NA,88371433
Southeast,2022-10-08,40,2432,13732115,22,329498,NA,NA,88371433
Southeast,2022-10-09,41,312,13732427,7,329505,NA,NA,88371433
Southeast,2022-10-10,41,1486,13733913,12,329517,NA,NA,88371433
Southeast,2022-10-11,41,3566,13737479,43,329560,NA,NA,88371433
Southeast,2022-10-12,41,2800,13740279,52,329612,NA,NA,88371433
Southeast,2022-10-13,41,1236,13741515,17,329629,NA,NA,88371433
Southeast,2022-10-14,41,3425,13744940,43,329672,NA,NA,88371433
Southeast,2022-10-15,41,244,13745184,0,329672,NA,NA,88371433
Southeast,2022-10-16,42,0,13745184,0,329672,NA,NA,88371433
Southeast,2022-10-17,42,2799,13747983,44,329716,NA,NA,88371433
Southeast,2022-10-18,42,2225,13750208,53,329769,NA,NA,88371433
Southeast,2022-10-19,42,4290,13754498,52,329821,NA,NA,88371433
Southeast,2022-10-20,42,1081,13755579,35,329856,NA,NA,88371433
Southeast,2022-10-21,42,463,13756042,9,329865,NA,NA,88371433
Southeast,2022-10-22,42,-11,13756031,0,329865,NA,NA,88371433
Southeast,2022-10-23,43,15,13756046,0,329865,NA,NA,88371433
Southeast,2022-10-24,43,7562,13763608,86,329951,NA,NA,88371433
Southeast,2022-10-25,43,2866,13766474,18,329969,NA,NA,88371433
Southeast,2022-10-26,43,4766,13771240,58,330027,NA,NA,88371433
Southeast,2022-10-27,43,4095,13775335,30,330057,NA,NA,88371433
Southeast,2022-10-28,43,2725,13778060,43,330100,NA,NA,88371433
Southeast,2022-10-29,43,0,13778060,0,330100,NA,NA,88371433
Southeast,2022-10-30,44,0,13778060,0,330100,NA,NA,88371433
Southeast,2022-10-31,44,1710,13779770,21,330121,NA,NA,88371433
Southeast,2022-11-01,44,4428,13784198,37,330158,NA,NA,88371433
Southeast,2022-11-02,44,52,13784250,0,330158,NA,NA,88371433
Southeast,2022-11-03,44,4994,13789244,31,330189,NA,NA,88371433
Southeast,2022-11-04,44,776,13790020,53,330242,NA,NA,88371433
Southeast,2022-11-05,44,77,13790097,0,330242,NA,NA,88371433
Southeast,2022-11-06,45,-15,13790082,0,330242,NA,NA,88371433
Southeast,2022-11-07,45,1998,13792080,39,330281,NA,NA,88371433
Southeast,2022-11-08,45,7344,13799424,70,330351,NA,NA,88371433
Southeast,2022-11-09,45,4361,13803785,63,330414,NA,NA,88371433
Southeast,2022-11-10,45,7069,13810854,17,330431,NA,NA,88371433
Southeast,2022-11-11,45,11792,13822646,35,330466,NA,NA,88371433
Southeast,2022-11-12,45,265,13822911,0,330466,NA,NA,88371433
Southeast,2022-11-13,46,106,13823017,0,330466,NA,NA,88371433
Southeast,2022-11-14,46,3905,13826922,29,330495,NA,NA,88371433
Southeast,2022-11-15,46,383,13827305,1,330496,NA,NA,88371433
Southeast,2022-11-16,46,10470,13837775,40,330536,NA,NA,88371433
Southeast,2022-11-17,46,17792,13855567,52,330588,NA,NA,88371433
Southeast,2022-11-18,46,16719,13872286,44,330632,NA,NA,88371433
Southeast,2022-11-19,46,1004,13873290,0,330632,NA,NA,88371433
Southeast,2022-11-20,47,360,13873650,0,330632,NA,NA,88371433
Southeast,2022-11-21,47,17322,13890972,85,330717,NA,NA,88371433
Southeast,2022-11-22,47,7390,13898362,86,330803,NA,NA,88371433
Southeast,2022-11-23,47,15144,13913506,65,330868,NA,NA,88371433
Southeast,2022-11-24,47,9424,13922930,43,330911,NA,NA,88371433
Southeast,2022-11-25,47,21211,13944141,64,330975,NA,NA,88371433
Southeast,2022-11-26,47,1328,13945469,-1,330974,NA,NA,88371433
Southeast,2022-11-27,48,533,13946002,0,330974,NA,NA,88371433
Southeast,2022-11-28,48,12404,13958406,39,331013,NA,NA,88371433
Southeast,2022-11-29,48,23109,13981515,63,331076,NA,NA,88371433
Southeast,2022-11-30,48,13231,13994746,82,331158,NA,NA,88371433
Southeast,2022-12-01,48,12831,14007577,93,331251,NA,NA,88371433
Southeast,2022-12-02,48,18320,14025897,98,331349,NA,NA,88371433
Southeast,2022-12-03,48,3310,14029207,3,331352,NA,NA,88371433
Southeast,2022-12-04,49,1494,14030701,0,331352,NA,NA,88371433
Southeast,2022-12-05,49,16768,14047469,92,331444,NA,NA,88371433
Southeast,2022-12-06,49,22099,14069568,76,331520,NA,NA,88371433
Southeast,2022-12-07,49,18848,14088416,97,331617,NA,NA,88371433
Southeast,2022-12-08,49,15637,14104053,63,331680,NA,NA,88371433
Southeast,2022-12-09,49,0,14104053,0,331680,NA,NA,88371433
Southeast,2022-12-10,49,5707,14109760,6,331686,NA,NA,88371433
Southeast,2022-12-11,50,845,14110605,0,331686,NA,NA,88371433
Southeast,2022-12-12,50,33612,14144217,131,331817,NA,NA,88371433
Southeast,2022-12-13,50,21446,14165663,63,331880,NA,NA,88371433
Southeast,2022-12-14,50,21367,14187030,188,332068,NA,NA,88371433
Southeast,2022-12-15,50,22970,14210000,115,332183,NA,NA,88371433
Southeast,2022-12-16,50,19146,14229146,85,332268,NA,NA,88371433
Southeast,2022-12-17,50,1863,14231009,4,332272,NA,NA,88371433
Southeast,2022-12-18,51,543,14231552,1,332273,NA,NA,88371433
Southeast,2022-12-19,51,21925,14253477,95,332368,NA,NA,88371433
Southeast,2022-12-20,51,16255,14269732,98,332466,NA,NA,88371433
Southeast,2022-12-21,51,13725,14283457,103,332569,NA,NA,88371433
Southeast,2022-12-22,51,22292,14305749,117,332686,NA,NA,88371433
Southeast,2022-12-23,51,6114,14311863,21,332707,NA,NA,88371433
Southeast,2022-12-24,51,0,14311863,0,332707,NA,NA,88371433
Southeast,2022-12-25,52,0,14311863,0,332707,NA,NA,88371433
Southeast,2022-12-26,52,37488,14349351,142,332849,NA,NA,88371433
Southeast,2022-12-27,52,13621,14362972,130,332979,NA,NA,88371433
Southeast,2022-12-28,52,17433,14380405,203,333182,NA,NA,88371433
Southeast,2022-12-29,52,14492,14394897,77,333259,NA,NA,88371433
Southeast,2022-12-30,52,12380,14407277,71,333330,NA,NA,88371433
Southeast,2022-12-31,52,0,14407277,0,333330,NA,NA,88371433
